439 7 3
0.72730199 0.72722609 0.72727273 0.72727273 0.72727273 0.72727273 0.72727273 
0.00000000 0.00000000 1.00000000
0.72742575 0.72721964 0.72727273 0.72727273 0.72727273 0.72727273 0.72727273 
0.00000000 1.00000000 0.00000000
0.72727273 0.72722055 0.72727273 0.72727273 0.72727273 0.72727273 0.72727273 
1.00000000 0.00000000 0.00000000
0.72727273 0.72724145 0.72727273 0.72727273 0.72727273 0.72727273 0.72727273 
1.00000000 0.00000000 0.00000000
0.72727273 0.72726750 0.72727273 0.72727273 0.72727273 0.72727273 0.72727273 
0.00000000 0.00000000 1.00000000
0.72741895 0.72725366 0.72727273 0.72727273 0.72727273 0.72727273 0.72727273 
0.00000000 1.00000000 0.00000000
0.72755660 0.72724474 0.72727273 0.72727273 0.72727273 0.72727273 0.72727273 
0.00000000 1.00000000 0.00000000
0.72727273 0.72722940 0.72727273 0.72727273 0.72727273 0.72727273 0.72727273 
0.00000000 1.00000000 0.00000000
0.72727273 0.72730529 0.72727273 0.72727273 0.72727273 0.72727273 0.72727273 
1.00000000 0.00000000 0.00000000
0.72727273 0.72726694 0.72727273 0.72727273 0.72727273 0.72727273 0.72727273 
0.00000000 1.00000000 0.00000000
0.72744109 0.72726105 0.72727273 0.72727273 0.72727273 0.72727273 0.72727273 
0.00000000 1.00000000 0.00000000
0.72727273 0.72727399 0.72727273 0.72727273 0.72727273 0.72727273 0.72727273 
1.00000000 0.00000000 0.00000000
0.72738233 0.72726376 0.72727273 0.72727273 0.72727273 0.72727273 0.72727273 
0.00000000 1.00000000 0.00000000
0.72727273 0.72723885 0.72727273 0.72727273 0.72727273 0.72727273 0.72727273 
0.00000000 1.00000000 0.00000000
0.72758341 0.72723562 0.72727273 0.72727273 0.72727273 0.72727273 0.72727273 
0.00000000 1.00000000 0.00000000
0.72745543 0.72725187 0.72727273 0.72727273 0.72727273 0.72727273 0.72727273 
0.00000000 0.00000000 1.00000000
0.72727273 0.72729841 0.72727273 0.72727273 0.72727273 0.72727273 0.72727273 
1.00000000 0.00000000 0.00000000
0.72729993 0.72727244 0.72727273 0.72727273 0.72727273 0.72727273 0.72727273 
0.00000000 1.00000000 0.00000000
0.72727273 0.72727521 0.72727273 0.72727273 0.72727273 0.72727273 0.72727273 
0.00000000 1.00000000 0.00000000
0.72740330 0.72726161 0.72727273 0.72727273 0.72727273 0.72727273 0.72727273 
0.00000000 1.00000000 0.00000000
0.72727273 0.72723542 0.72727273 0.72727273 0.72727273 0.72727273 0.72727273 
0.00000000 1.00000000 0.00000000
0.72734246 0.72727668 0.72727273 0.72727273 0.72727273 0.72727273 0.72727273 
0.00000000 0.00000000 1.00000000
0.72727273 0.72727326 0.72727273 0.72727273 0.72727273 0.72727273 0.72727273 
1.00000000 0.00000000 0.00000000
0.72727273 0.72727691 0.72727273 0.72727273 0.72727273 0.72727273 0.72727273 
1.00000000 0.00000000 0.00000000
0.72727273 0.72727190 0.72727273 0.72727273 0.72727273 0.72727273 0.72727273 
0.00000000 1.00000000 0.00000000
0.72727273 0.72727167 0.72727273 0.72727273 0.72727273 0.72727273 0.72727273 
0.00000000 1.00000000 0.00000000
0.72727273 0.72728212 0.72727273 0.72727273 0.72727273 0.72727273 0.72727273 
1.00000000 0.00000000 0.00000000
0.72737226 0.72726839 0.72727273 0.72727273 0.72727273 0.72727273 0.72727273 
0.00000000 1.00000000 0.00000000
0.72732582 0.72726509 0.72727273 0.72727273 0.72727273 0.72727273 0.72727273 
0.00000000 0.00000000 1.00000000
0.72731055 0.72725959 0.72727273 0.72727273 0.72727273 0.72727273 0.72727273 
0.00000000 1.00000000 0.00000000
0.72727273 0.72729314 0.72727273 0.72727273 0.72727273 0.72727273 0.72727273 
1.00000000 0.00000000 0.00000000
0.72733817 0.72730457 0.72727273 0.72727273 0.72727273 0.72727273 0.72727273 
1.00000000 0.00000000 0.00000000
0.72727273 0.72729987 0.72727273 0.72727273 0.72727273 0.72727273 0.72727273 
0.00000000 1.00000000 0.00000000
0.72727273 0.72728543 0.72727273 0.72727273 0.72727273 0.72727273 0.72727273 
1.00000000 0.00000000 0.00000000
0.72733451 0.72728276 0.72727273 0.72727273 0.72727273 0.72727273 0.72727273 
1.00000000 0.00000000 0.00000000
0.72737326 0.72726172 0.72727273 0.72727273 0.72727273 0.72727273 0.72727273 
0.00000000 1.00000000 0.00000000
0.72727273 0.72726511 0.72727273 0.72727273 0.72727273 0.72727273 0.72727273 
0.00000000 1.00000000 0.00000000
0.72721617 0.72730473 0.72727273 0.72727273 0.72727273 0.72727273 0.72727273 
0.00000000 0.00000000 1.00000000
0.72745836 0.72729938 0.72727273 0.72727273 0.72727273 0.72727273 0.72727273 
0.00000000 1.00000000 0.00000000
0.72727273 0.72728828 0.72727273 0.72727273 0.72727273 0.72727273 0.72727273 
1.00000000 0.00000000 0.00000000
0.72727273 0.72726721 0.72727273 0.72727273 0.72727273 0.72727273 0.72727273 
1.00000000 0.00000000 0.00000000
0.72727273 0.72727713 0.72727273 0.72727273 0.72727273 0.72727273 0.72727273 
1.00000000 0.00000000 0.00000000
0.72727273 0.72727303 0.72727273 0.72727273 0.72727273 0.72727273 0.72727273 
1.00000000 0.00000000 0.00000000
0.72727273 0.72726748 0.72727273 0.72727273 0.72727273 0.72727273 0.72727273 
1.00000000 0.00000000 0.00000000
0.72733956 0.72725682 0.72727273 0.72727273 0.72727273 0.72727273 0.72727273 
0.00000000 1.00000000 0.00000000
0.72727273 0.72725728 0.72727273 0.72727273 0.72727273 0.72727273 0.72727273 
0.00000000 0.00000000 1.00000000
0.72721257 0.72728440 0.72727273 0.72727273 0.72727273 0.72727273 0.72727273 
1.00000000 0.00000000 0.00000000
0.72727273 0.72728142 0.72727273 0.72727273 0.72727273 0.72727273 0.72727273 
0.00000000 1.00000000 0.00000000
0.72728402 0.72726896 0.72727273 0.72727273 0.72727273 0.72727273 0.72727273 
0.00000000 1.00000000 0.00000000
0.72727273 0.72726383 0.72727273 0.72727273 0.72727273 0.72727273 0.72727273 
0.00000000 1.00000000 0.00000000
0.72727273 0.72726723 0.72727273 0.72727273 0.72727273 0.72727273 0.72727273 
0.00000000 1.00000000 0.00000000
0.72727273 0.72727671 0.72727273 0.72727273 0.72727273 0.72727273 0.72727273 
1.00000000 0.00000000 0.00000000
0.72727273 0.72727404 0.72727273 0.72727273 0.72727273 0.72727273 0.72727273 
1.00000000 0.00000000 0.00000000
0.72727273 0.72726695 0.72727273 0.72727273 0.72727273 0.72727273 0.72727273 
0.00000000 1.00000000 0.00000000
0.72739476 0.72726850 0.72727273 0.72727273 0.72727273 0.72727273 0.72727273 
1.00000000 0.00000000 0.00000000
0.72735554 0.72725151 0.72727273 0.72727273 0.72727273 0.72727273 0.72727273 
0.00000000 1.00000000 0.00000000
0.72731382 0.72723908 0.72727273 0.72727273 0.72727273 0.72727273 0.72727273 
0.00000000 1.00000000 0.00000000
0.72727273 0.72725026 0.72727273 0.72727273 0.72727273 0.72727273 0.72727273 
0.00000000 1.00000000 0.00000000
0.72727273 0.72729535 0.72727273 0.72727273 0.72727273 0.72727273 0.72727273 
1.00000000 0.00000000 0.00000000
0.72724787 0.72728603 0.72727273 0.72727273 0.72727273 0.72727273 0.72727273 
0.00000000 0.00000000 1.00000000
0.72727273 0.72729758 0.72727273 0.72727273 0.72727273 0.72727273 0.72727273 
1.00000000 0.00000000 0.00000000
0.72727273 0.72724407 0.72727273 0.72727273 0.72727273 0.72727273 0.72727273 
0.00000000 1.00000000 0.00000000
0.72703471 0.72729084 0.72727273 0.72727273 0.72727273 0.72727273 0.72727273 
1.00000000 0.00000000 0.00000000
0.72727273 0.72730760 0.72727273 0.72727273 0.72727273 0.72727273 0.72727273 
1.00000000 0.00000000 0.00000000
0.72727273 0.72727668 0.72727273 0.72727273 0.72727273 0.72727273 0.72727273 
1.00000000 0.00000000 0.00000000
0.72726286 0.72728232 0.72727273 0.72727273 0.72727273 0.72727273 0.72727273 
1.00000000 0.00000000 0.00000000
0.72727273 0.72727321 0.72727273 0.72727273 0.72727273 0.72727273 0.72727273 
1.00000000 0.00000000 0.00000000
0.72720744 0.72727036 0.72727273 0.72727273 0.72727273 0.72727273 0.72727273 
0.00000000 1.00000000 0.00000000
0.72741169 0.72726359 0.72727273 0.72727273 0.72727273 0.72727273 0.72727273 
0.00000000 1.00000000 0.00000000
0.72732079 0.72724805 0.72727273 0.72727273 0.72727273 0.72727273 0.72727273 
0.00000000 1.00000000 0.00000000
0.72735201 0.72731324 0.72727273 0.72727273 0.72727273 0.72727273 0.72727273 
1.00000000 0.00000000 0.00000000
0.72727273 0.72731583 0.72727273 0.72727273 0.72727273 0.72727273 0.72727273 
0.00000000 1.00000000 0.00000000
0.72727273 0.72729561 0.72727273 0.72727273 0.72727273 0.72727273 0.72727273 
0.00000000 0.00000000 1.00000000
0.72766460 0.72729241 0.72727273 0.72727273 0.72727273 0.72727273 0.72727273 
0.00000000 1.00000000 0.00000000
0.72759799 0.72726949 0.72727273 0.72727273 0.72727273 0.72727273 0.72727273 
0.00000000 1.00000000 0.00000000
0.72727273 0.72723872 0.72727273 0.72727273 0.72727273 0.72727273 0.72727273 
1.00000000 0.00000000 0.00000000
0.72728399 0.72728181 0.72727273 0.72727273 0.72727273 0.72727273 0.72727273 
1.00000000 0.00000000 0.00000000
0.72727273 0.72726213 0.72727273 0.72727273 0.72727273 0.72727273 0.72727273 
0.00000000 1.00000000 0.00000000
0.72727273 0.72728903 0.72727273 0.72727273 0.72727273 0.72727273 0.72727273 
1.00000000 0.00000000 0.00000000
0.72732116 0.72726435 0.72727273 0.72727273 0.72727273 0.72727273 0.72727273 
0.00000000 0.00000000 1.00000000
0.72730100 0.72727129 0.72727273 0.72727273 0.72727273 0.72727273 0.72727273 
0.00000000 0.00000000 1.00000000
0.72727273 0.72725610 0.72727273 0.72727273 0.72727273 0.72727273 0.72727273 
0.00000000 1.00000000 0.00000000
0.72743488 0.72724373 0.72727273 0.72727273 0.72727273 0.72727273 0.72727273 
0.00000000 1.00000000 0.00000000
0.72727273 0.72724048 0.72727273 0.72727273 0.72727273 0.72727273 0.72727273 
0.00000000 1.00000000 0.00000000
0.72727273 0.72726772 0.72727273 0.72727273 0.72727273 0.72727273 0.72727273 
0.00000000 1.00000000 0.00000000
0.72727273 0.72728331 0.72727273 0.72727273 0.72727273 0.72727273 0.72727273 
1.00000000 0.00000000 0.00000000
0.72727273 0.72729439 0.72727273 0.72727273 0.72727273 0.72727273 0.72727273 
0.00000000 1.00000000 0.00000000
0.72730974 0.72730803 0.72727273 0.72727273 0.72727273 0.72727273 0.72727273 
1.00000000 0.00000000 0.00000000
0.72727273 0.72727801 0.72727273 0.72727273 0.72727273 0.72727273 0.72727273 
0.00000000 0.00000000 1.00000000
0.72734665 0.72726247 0.72727273 0.72727273 0.72727273 0.72727273 0.72727273 
0.00000000 1.00000000 0.00000000
0.72727273 0.72724114 0.72727273 0.72727273 0.72727273 0.72727273 0.72727273 
0.00000000 1.00000000 0.00000000
0.72739037 0.72728704 0.72727273 0.72727273 0.72727273 0.72727273 0.72727273 
1.00000000 0.00000000 0.00000000
0.72733645 0.72729156 0.72727273 0.72727273 0.72727273 0.72727273 0.72727273 
1.00000000 0.00000000 0.00000000
0.72727273 0.72730835 0.72727273 0.72727273 0.72727273 0.72727273 0.72727273 
1.00000000 0.00000000 0.00000000
0.72727273 0.72725087 0.72727273 0.72727273 0.72727273 0.72727273 0.72727273 
0.00000000 1.00000000 0.00000000
0.72763316 0.72724888 0.72727273 0.72727273 0.72727273 0.72727273 0.72727273 
0.00000000 1.00000000 0.00000000
0.72727273 0.72725511 0.72727273 0.72727273 0.72727273 0.72727273 0.72727273 
1.00000000 0.00000000 0.00000000
0.72727273 0.72726535 0.72727273 0.72727273 0.72727273 0.72727273 0.72727273 
0.00000000 1.00000000 0.00000000
0.72738212 0.72726875 0.72727273 0.72727273 0.72727273 0.72727273 0.72727273 
0.00000000 1.00000000 0.00000000
0.72736621 0.72725894 0.72727273 0.72727273 0.72727273 0.72727273 0.72727273 
0.00000000 1.00000000 0.00000000
0.72727273 0.72729305 0.72727273 0.72727273 0.72727273 0.72727273 0.72727273 
1.00000000 0.00000000 0.00000000
0.72710763 0.72731580 0.72727273 0.72727273 0.72727273 0.72727273 0.72727273 
1.00000000 0.00000000 0.00000000
0.72737675 0.72727444 0.72727273 0.72727273 0.72727273 0.72727273 0.72727273 
0.00000000 1.00000000 0.00000000
0.72744985 0.72725457 0.72727273 0.72727273 0.72727273 0.72727273 0.72727273 
0.00000000 1.00000000 0.00000000
0.72759700 0.72724465 0.72727273 0.72727273 0.72727273 0.72727273 0.72727273 
0.00000000 1.00000000 0.00000000
0.72727273 0.72730241 0.72727273 0.72727273 0.72727273 0.72727273 0.72727273 
1.00000000 0.00000000 0.00000000
0.72745893 0.72729414 0.72727273 0.72727273 0.72727273 0.72727273 0.72727273 
0.00000000 1.00000000 0.00000000
0.72727273 0.72729045 0.72727273 0.72727273 0.72727273 0.72727273 0.72727273 
1.00000000 0.00000000 0.00000000
0.72736588 0.72725479 0.72727273 0.72727273 0.72727273 0.72727273 0.72727273 
0.00000000 1.00000000 0.00000000
0.72727273 0.72729239 0.72727273 0.72727273 0.72727273 0.72727273 0.72727273 
1.00000000 0.00000000 0.00000000
0.72724121 0.72727072 0.72727273 0.72727273 0.72727273 0.72727273 0.72727273 
0.00000000 0.00000000 1.00000000
0.72727273 0.72728235 0.72727273 0.72727273 0.72727273 0.72727273 0.72727273 
1.00000000 0.00000000 0.00000000
0.72727273 0.72727750 0.72727273 0.72727273 0.72727273 0.72727273 0.72727273 
1.00000000 0.00000000 0.00000000
0.72733586 0.72726175 0.72727273 0.72727273 0.72727273 0.72727273 0.72727273 
0.00000000 1.00000000 0.00000000
0.72746189 0.72725196 0.72727273 0.72727273 0.72727273 0.72727273 0.72727273 
0.00000000 1.00000000 0.00000000
0.72736857 0.72723730 0.72727273 0.72727273 0.72727273 0.72727273 0.72727273 
0.00000000 1.00000000 0.00000000
0.72747664 0.72722796 0.72727273 0.72727273 0.72727273 0.72727273 0.72727273 
0.00000000 1.00000000 0.00000000
0.72727273 0.72729839 0.72727273 0.72727273 0.72727273 0.72727273 0.72727273 
1.00000000 0.00000000 0.00000000
0.72727273 0.72729324 0.72727273 0.72727273 0.72727273 0.72727273 0.72727273 
1.00000000 0.00000000 0.00000000
0.72726121 0.72726225 0.72727273 0.72727273 0.72727273 0.72727273 0.72727273 
0.00000000 1.00000000 0.00000000
0.72727273 0.72727244 0.72727273 0.72727273 0.72727273 0.72727273 0.72727273 
0.00000000 0.00000000 1.00000000
0.72734644 0.72726762 0.72727273 0.72727273 0.72727273 0.72727273 0.72727273 
0.00000000 1.00000000 0.00000000
0.72732314 0.72726048 0.72727273 0.72727273 0.72727273 0.72727273 0.72727273 
0.00000000 1.00000000 0.00000000
0.72727273 0.72723821 0.72727273 0.72727273 0.72727273 0.72727273 0.72727273 
0.00000000 1.00000000 0.00000000
0.72726998 0.72729143 0.72727273 0.72727273 0.72727273 0.72727273 0.72727273 
1.00000000 0.00000000 0.00000000
0.72727273 0.72728291 0.72727273 0.72727273 0.72727273 0.72727273 0.72727273 
0.00000000 1.00000000 0.00000000
0.72732054 0.72726573 0.72727273 0.72727273 0.72727273 0.72727273 0.72727273 
0.00000000 1.00000000 0.00000000
0.72731202 0.72726534 0.72727273 0.72727273 0.72727273 0.72727273 0.72727273 
0.00000000 1.00000000 0.00000000
0.72727273 0.72724497 0.72727273 0.72727273 0.72727273 0.72727273 0.72727273 
0.00000000 1.00000000 0.00000000
0.72755489 0.72727132 0.72727273 0.72727273 0.72727273 0.72727273 0.72727273 
0.00000000 1.00000000 0.00000000
0.72727273 0.72729120 0.72727273 0.72727273 0.72727273 0.72727273 0.72727273 
1.00000000 0.00000000 0.00000000
0.72723951 0.72728040 0.72727273 0.72727273 0.72727273 0.72727273 0.72727273 
1.00000000 0.00000000 0.00000000
0.72733819 0.72727305 0.72727273 0.72727273 0.72727273 0.72727273 0.72727273 
0.00000000 1.00000000 0.00000000
0.72727273 0.72727433 0.72727273 0.72727273 0.72727273 0.72727273 0.72727273 
1.00000000 0.00000000 0.00000000
0.72727273 0.72726358 0.72727273 0.72727273 0.72727273 0.72727273 0.72727273 
0.00000000 1.00000000 0.00000000
0.72745558 0.72726031 0.72727273 0.72727273 0.72727273 0.72727273 0.72727273 
0.00000000 1.00000000 0.00000000
0.72727273 0.72725508 0.72727273 0.72727273 0.72727273 0.72727273 0.72727273 
0.00000000 1.00000000 0.00000000
0.72737451 0.72725417 0.72727273 0.72727273 0.72727273 0.72727273 0.72727273 
0.00000000 1.00000000 0.00000000
0.72727273 0.72726707 0.72727273 0.72727273 0.72727273 0.72727273 0.72727273 
1.00000000 0.00000000 0.00000000
0.72727273 0.72727561 0.72727273 0.72727273 0.72727273 0.72727273 0.72727273 
1.00000000 0.00000000 0.00000000
0.72724227 0.72728450 0.72727273 0.72727273 0.72727273 0.72727273 0.72727273 
1.00000000 0.00000000 0.00000000
0.72738057 0.72725537 0.72727273 0.72727273 0.72727273 0.72727273 0.72727273 
0.00000000 1.00000000 0.00000000
0.72727273 0.72724262 0.72727273 0.72727273 0.72727273 0.72727273 0.72727273 
0.00000000 1.00000000 0.00000000
0.72727273 0.72730111 0.72727273 0.72727273 0.72727273 0.72727273 0.72727273 
1.00000000 0.00000000 0.00000000
0.72736704 0.72731062 0.72727273 0.72727273 0.72727273 0.72727273 0.72727273 
1.00000000 0.00000000 0.00000000
0.72727273 0.72729588 0.72727273 0.72727273 0.72727273 0.72727273 0.72727273 
1.00000000 0.00000000 0.00000000
0.72727273 0.72727571 0.72727273 0.72727273 0.72727273 0.72727273 0.72727273 
0.00000000 1.00000000 0.00000000
0.72727273 0.72726446 0.72727273 0.72727273 0.72727273 0.72727273 0.72727273 
1.00000000 0.00000000 0.00000000
0.72738123 0.72727040 0.72727273 0.72727273 0.72727273 0.72727273 0.72727273 
0.00000000 1.00000000 0.00000000
0.72752588 0.72727497 0.72727273 0.72727273 0.72727273 0.72727273 0.72727273 
0.00000000 0.00000000 1.00000000
0.72727273 0.72726892 0.72727273 0.72727273 0.72727273 0.72727273 0.72727273 
0.00000000 1.00000000 0.00000000
0.72716444 0.72730029 0.72727273 0.72727273 0.72727273 0.72727273 0.72727273 
1.00000000 0.00000000 0.00000000
0.72728553 0.72730407 0.72727273 0.72727273 0.72727273 0.72727273 0.72727273 
1.00000000 0.00000000 0.00000000
0.72713821 0.72732934 0.72727273 0.72727273 0.72727273 0.72727273 0.72727273 
1.00000000 0.00000000 0.00000000
0.72735394 0.72729793 0.72727273 0.72727273 0.72727273 0.72727273 0.72727273 
0.00000000 1.00000000 0.00000000
0.72727273 0.72728804 0.72727273 0.72727273 0.72727273 0.72727273 0.72727273 
0.00000000 0.00000000 1.00000000
0.72727273 0.72726783 0.72727273 0.72727273 0.72727273 0.72727273 0.72727273 
0.00000000 1.00000000 0.00000000
0.72747684 0.72725212 0.72727273 0.72727273 0.72727273 0.72727273 0.72727273 
0.00000000 1.00000000 0.00000000
0.72727273 0.72726090 0.72727273 0.72727273 0.72727273 0.72727273 0.72727273 
0.00000000 1.00000000 0.00000000
0.72725133 0.72729100 0.72727273 0.72727273 0.72727273 0.72727273 0.72727273 
1.00000000 0.00000000 0.00000000
0.72740843 0.72727296 0.72727273 0.72727273 0.72727273 0.72727273 0.72727273 
0.00000000 1.00000000 0.00000000
0.72728017 0.72727308 0.72727273 0.72727273 0.72727273 0.72727273 0.72727273 
1.00000000 0.00000000 0.00000000
0.72727273 0.72726916 0.72727273 0.72727273 0.72727273 0.72727273 0.72727273 
0.00000000 1.00000000 0.00000000
0.72727273 0.72726303 0.72727273 0.72727273 0.72727273 0.72727273 0.72727273 
1.00000000 0.00000000 0.00000000
0.72727273 0.72726728 0.72727273 0.72727273 0.72727273 0.72727273 0.72727273 
0.00000000 1.00000000 0.00000000
0.72741102 0.72725828 0.72727273 0.72727273 0.72727273 0.72727273 0.72727273 
0.00000000 1.00000000 0.00000000
0.72751825 0.72725137 0.72727273 0.72727273 0.72727273 0.72727273 0.72727273 
0.00000000 1.00000000 0.00000000
0.72765404 0.72724478 0.72727273 0.72727273 0.72727273 0.72727273 0.72727273 
0.00000000 1.00000000 0.00000000
0.72727273 0.72725590 0.72727273 0.72727273 0.72727273 0.72727273 0.72727273 
1.00000000 0.00000000 0.00000000
0.72727273 0.72727289 0.72727273 0.72727273 0.72727273 0.72727273 0.72727273 
0.00000000 1.00000000 0.00000000
0.72723462 0.72728416 0.72727273 0.72727273 0.72727273 0.72727273 0.72727273 
1.00000000 0.00000000 0.00000000
0.72727273 0.72730149 0.72727273 0.72727273 0.72727273 0.72727273 0.72727273 
1.00000000 0.00000000 0.00000000
0.72727273 0.72730423 0.72727273 0.72727273 0.72727273 0.72727273 0.72727273 
1.00000000 0.00000000 0.00000000
0.72749489 0.72728704 0.72727273 0.72727273 0.72727273 0.72727273 0.72727273 
0.00000000 1.00000000 0.00000000
0.72787101 0.72728385 0.72727273 0.72727273 0.72727273 0.72727273 0.72727273 
0.00000000 1.00000000 0.00000000
0.72826611 0.72728065 0.72727273 0.72727273 0.72727273 0.72727273 0.72727273 
0.00000000 1.00000000 0.00000000
0.72718519 0.72724489 0.72727273 0.72727273 0.72727273 0.72727273 0.72727273 
1.00000000 0.00000000 0.00000000
0.72727273 0.72723396 0.72727273 0.72727273 0.72727273 0.72727273 0.72727273 
1.00000000 0.00000000 0.00000000
0.72736412 0.72728892 0.72727273 0.72727273 0.72727273 0.72727273 0.72727273 
1.00000000 0.00000000 0.00000000
0.72727273 0.72730091 0.72727273 0.72727273 0.72727273 0.72727273 0.72727273 
1.00000000 0.00000000 0.00000000
0.72728659 0.72727451 0.72727273 0.72727273 0.72727273 0.72727273 0.72727273 
1.00000000 0.00000000 0.00000000
0.72728500 0.72726662 0.72727273 0.72727273 0.72727273 0.72727273 0.72727273 
0.00000000 1.00000000 0.00000000
0.72789237 0.72726309 0.72727273 0.72727273 0.72727273 0.72727273 0.72727273 
0.00000000 1.00000000 0.00000000
0.72727273 0.72724424 0.72727273 0.72727273 0.72727273 0.72727273 0.72727273 
1.00000000 0.00000000 0.00000000
0.72727273 0.72726988 0.72727273 0.72727273 0.72727273 0.72727273 0.72727273 
0.00000000 1.00000000 0.00000000
0.72738244 0.72726273 0.72727273 0.72727273 0.72727273 0.72727273 0.72727273 
0.00000000 0.00000000 1.00000000
0.72754980 0.72725699 0.72727273 0.72727273 0.72727273 0.72727273 0.72727273 
0.00000000 1.00000000 0.00000000
0.72727273 0.72725715 0.72727273 0.72727273 0.72727273 0.72727273 0.72727273 
1.00000000 0.00000000 0.00000000
0.72735705 0.72727745 0.72727273 0.72727273 0.72727273 0.72727273 0.72727273 
0.00000000 1.00000000 0.00000000
0.72730188 0.72729340 0.72727273 0.72727273 0.72727273 0.72727273 0.72727273 
0.00000000 0.00000000 1.00000000
0.72727273 0.72728677 0.72727273 0.72727273 0.72727273 0.72727273 0.72727273 
0.00000000 1.00000000 0.00000000
0.72727273 0.72726278 0.72727273 0.72727273 0.72727273 0.72727273 0.72727273 
0.00000000 1.00000000 0.00000000
0.72727273 0.72725686 0.72727273 0.72727273 0.72727273 0.72727273 0.72727273 
1.00000000 0.00000000 0.00000000
0.72743600 0.72725191 0.72727273 0.72727273 0.72727273 0.72727273 0.72727273 
0.00000000 1.00000000 0.00000000
0.72731849 0.72725110 0.72727273 0.72727273 0.72727273 0.72727273 0.72727273 
0.00000000 1.00000000 0.00000000
0.72727273 0.72729009 0.72727273 0.72727273 0.72727273 0.72727273 0.72727273 
1.00000000 0.00000000 0.00000000
0.72731145 0.72727344 0.72727273 0.72727273 0.72727273 0.72727273 0.72727273 
1.00000000 0.00000000 0.00000000
0.72733479 0.72727911 0.72727273 0.72727273 0.72727273 0.72727273 0.72727273 
1.00000000 0.00000000 0.00000000
0.72744150 0.72725234 0.72727273 0.72727273 0.72727273 0.72727273 0.72727273 
0.00000000 1.00000000 0.00000000
0.72727273 0.72725063 0.72727273 0.72727273 0.72727273 0.72727273 0.72727273 
1.00000000 0.00000000 0.00000000
0.72712336 0.72728421 0.72727273 0.72727273 0.72727273 0.72727273 0.72727273 
1.00000000 0.00000000 0.00000000
0.72727273 0.72730172 0.72727273 0.72727273 0.72727273 0.72727273 0.72727273 
1.00000000 0.00000000 0.00000000
0.72724052 0.72727716 0.72727273 0.72727273 0.72727273 0.72727273 0.72727273 
0.00000000 1.00000000 0.00000000
0.72727273 0.72727063 0.72727273 0.72727273 0.72727273 0.72727273 0.72727273 
1.00000000 0.00000000 0.00000000
0.72727273 0.72726351 0.72727273 0.72727273 0.72727273 0.72727273 0.72727273 
0.00000000 1.00000000 0.00000000
0.72730119 0.72728525 0.72727273 0.72727273 0.72727273 0.72727273 0.72727273 
1.00000000 0.00000000 0.00000000
0.72733311 0.72727460 0.72727273 0.72727273 0.72727273 0.72727273 0.72727273 
0.00000000 1.00000000 0.00000000
0.72727273 0.72727537 0.72727273 0.72727273 0.72727273 0.72727273 0.72727273 
1.00000000 0.00000000 0.00000000
0.72734139 0.72729676 0.72727273 0.72727273 0.72727273 0.72727273 0.72727273 
1.00000000 0.00000000 0.00000000
0.72727273 0.72727365 0.72727273 0.72727273 0.72727273 0.72727273 0.72727273 
1.00000000 0.00000000 0.00000000
0.72723252 0.72727679 0.72727273 0.72727273 0.72727273 0.72727273 0.72727273 
1.00000000 0.00000000 0.00000000
0.72727273 0.72726528 0.72727273 0.72727273 0.72727273 0.72727273 0.72727273 
0.00000000 1.00000000 0.00000000
0.72727273 0.72726291 0.72727273 0.72727273 0.72727273 0.72727273 0.72727273 
1.00000000 0.00000000 0.00000000
0.72727273 0.72727578 0.72727273 0.72727273 0.72727273 0.72727273 0.72727273 
1.00000000 0.00000000 0.00000000
0.72721516 0.72728135 0.72727273 0.72727273 0.72727273 0.72727273 0.72727273 
0.00000000 0.00000000 1.00000000
0.72739417 0.72727579 0.72727273 0.72727273 0.72727273 0.72727273 0.72727273 
0.00000000 1.00000000 0.00000000
0.72721344 0.72727040 0.72727273 0.72727273 0.72727273 0.72727273 0.72727273 
1.00000000 0.00000000 0.00000000
0.72744006 0.72727601 0.72727273 0.72727273 0.72727273 0.72727273 0.72727273 
1.00000000 0.00000000 0.00000000
0.72727273 0.72727543 0.72727273 0.72727273 0.72727273 0.72727273 0.72727273 
0.00000000 1.00000000 0.00000000
0.72727273 0.72726019 0.72727273 0.72727273 0.72727273 0.72727273 0.72727273 
0.00000000 1.00000000 0.00000000
0.72726607 0.72723121 0.72727273 0.72727273 0.72727273 0.72727273 0.72727273 
0.00000000 1.00000000 0.00000000
0.72727273 0.72727352 0.72727273 0.72727273 0.72727273 0.72727273 0.72727273 
1.00000000 0.00000000 0.00000000
0.72711201 0.72731268 0.72727273 0.72727273 0.72727273 0.72727273 0.72727273 
1.00000000 0.00000000 0.00000000
0.72727273 0.72728061 0.72727273 0.72727273 0.72727273 0.72727273 0.72727273 
0.00000000 1.00000000 0.00000000
0.72724753 0.72726862 0.72727273 0.72727273 0.72727273 0.72727273 0.72727273 
1.00000000 0.00000000 0.00000000
0.72716126 0.72728966 0.72727273 0.72727273 0.72727273 0.72727273 0.72727273 
1.00000000 0.00000000 0.00000000
0.72727273 0.72730377 0.72727273 0.72727273 0.72727273 0.72727273 0.72727273 
1.00000000 0.00000000 0.00000000
0.72727273 0.72726330 0.72727273 0.72727273 0.72727273 0.72727273 0.72727273 
0.00000000 1.00000000 0.00000000
0.72729431 0.72728292 0.72727273 0.72727273 0.72727273 0.72727273 0.72727273 
1.00000000 0.00000000 0.00000000
0.72735300 0.72726049 0.72727273 0.72727273 0.72727273 0.72727273 0.72727273 
0.00000000 1.00000000 0.00000000
0.72722668 0.72725831 0.72727273 0.72727273 0.72727273 0.72727273 0.72727273 
1.00000000 0.00000000 0.00000000
0.72727273 0.72725830 0.72727273 0.72727273 0.72727273 0.72727273 0.72727273 
0.00000000 1.00000000 0.00000000
0.72725988 0.72725146 0.72727273 0.72727273 0.72727273 0.72727273 0.72727273 
0.00000000 1.00000000 0.00000000
0.72727273 0.72730680 0.72727273 0.72727273 0.72727273 0.72727273 0.72727273 
0.00000000 0.00000000 1.00000000
0.72744946 0.72729136 0.72727273 0.72727273 0.72727273 0.72727273 0.72727273 
0.00000000 1.00000000 0.00000000
0.72727273 0.72728662 0.72727273 0.72727273 0.72727273 0.72727273 0.72727273 
1.00000000 0.00000000 0.00000000
0.72737568 0.72726919 0.72727273 0.72727273 0.72727273 0.72727273 0.72727273 
0.00000000 1.00000000 0.00000000
0.72739627 0.72725168 0.72727273 0.72727273 0.72727273 0.72727273 0.72727273 
0.00000000 1.00000000 0.00000000
0.72750125 0.72723984 0.72727273 0.72727273 0.72727273 0.72727273 0.72727273 
0.00000000 1.00000000 0.00000000
0.72727273 0.72721807 0.72727273 0.72727273 0.72727273 0.72727273 0.72727273 
0.00000000 1.00000000 0.00000000
0.72747859 0.72721265 0.72727273 0.72727273 0.72727273 0.72727273 0.72727273 
0.00000000 1.00000000 0.00000000
0.72720372 0.72721049 0.72727273 0.72727273 0.72727273 0.72727273 0.72727273 
1.00000000 0.00000000 0.00000000
0.72727273 0.72721612 0.72727273 0.72727273 0.72727273 0.72727273 0.72727273 
0.00000000 1.00000000 0.00000000
0.72727273 0.72729073 0.72727273 0.72727273 0.72727273 0.72727273 0.72727273 
0.00000000 0.00000000 1.00000000
0.72727273 0.72728260 0.72727273 0.72727273 0.72727273 0.72727273 0.72727273 
0.00000000 1.00000000 0.00000000
0.72727273 0.72728190 0.72727273 0.72727273 0.72727273 0.72727273 0.72727273 
1.00000000 0.00000000 0.00000000
0.72727273 0.72728430 0.72727273 0.72727273 0.72727273 0.72727273 0.72727273 
1.00000000 0.00000000 0.00000000
0.72737164 0.72724696 0.72727273 0.72727273 0.72727273 0.72727273 0.72727273 
0.00000000 1.00000000 0.00000000
0.72731093 0.72725952 0.72727273 0.72727273 0.72727273 0.72727273 0.72727273 
1.00000000 0.00000000 0.00000000
0.72719492 0.72728604 0.72727273 0.72727273 0.72727273 0.72727273 0.72727273 
1.00000000 0.00000000 0.00000000
0.72727273 0.72727989 0.72727273 0.72727273 0.72727273 0.72727273 0.72727273 
1.00000000 0.00000000 0.00000000
0.72727273 0.72729739 0.72727273 0.72727273 0.72727273 0.72727273 0.72727273 
1.00000000 0.00000000 0.00000000
0.72727273 0.72725890 0.72727273 0.72727273 0.72727273 0.72727273 0.72727273 
0.00000000 1.00000000 0.00000000
0.72739404 0.72726732 0.72727273 0.72727273 0.72727273 0.72727273 0.72727273 
0.00000000 1.00000000 0.00000000
0.72727273 0.72727338 0.72727273 0.72727273 0.72727273 0.72727273 0.72727273 
1.00000000 0.00000000 0.00000000
0.72749822 0.72731917 0.72727273 0.72727273 0.72727273 0.72727273 0.72727273 
1.00000000 0.00000000 0.00000000
0.72727273 0.72732137 0.72727273 0.72727273 0.72727273 0.72727273 0.72727273 
0.00000000 1.00000000 0.00000000
0.72727273 0.72728562 0.72727273 0.72727273 0.72727273 0.72727273 0.72727273 
0.00000000 1.00000000 0.00000000
0.72739865 0.72724042 0.72727273 0.72727273 0.72727273 0.72727273 0.72727273 
0.00000000 1.00000000 0.00000000
0.72742466 0.72724303 0.72727273 0.72727273 0.72727273 0.72727273 0.72727273 
0.00000000 1.00000000 0.00000000
0.72760866 0.72725689 0.72727273 0.72727273 0.72727273 0.72727273 0.72727273 
0.00000000 1.00000000 0.00000000
0.72727273 0.72725697 0.72727273 0.72727273 0.72727273 0.72727273 0.72727273 
0.00000000 1.00000000 0.00000000
0.72758385 0.72726247 0.72727273 0.72727273 0.72727273 0.72727273 0.72727273 
0.00000000 1.00000000 0.00000000
0.72764177 0.72725721 0.72727273 0.72727273 0.72727273 0.72727273 0.72727273 
0.00000000 1.00000000 0.00000000
0.72727273 0.72725583 0.72727273 0.72727273 0.72727273 0.72727273 0.72727273 
1.00000000 0.00000000 0.00000000
0.72727273 0.72725508 0.72727273 0.72727273 0.72727273 0.72727273 0.72727273 
0.00000000 1.00000000 0.00000000
0.72727273 0.72730780 0.72727273 0.72727273 0.72727273 0.72727273 0.72727273 
0.00000000 0.00000000 1.00000000
0.72728605 0.72726561 0.72727273 0.72727273 0.72727273 0.72727273 0.72727273 
0.00000000 1.00000000 0.00000000
0.72727563 0.72729158 0.72727273 0.72727273 0.72727273 0.72727273 0.72727273 
1.00000000 0.00000000 0.00000000
0.72727273 0.72727419 0.72727273 0.72727273 0.72727273 0.72727273 0.72727273 
0.00000000 1.00000000 0.00000000
0.72727273 0.72727050 0.72727273 0.72727273 0.72727273 0.72727273 0.72727273 
1.00000000 0.00000000 0.00000000
0.72739976 0.72726476 0.72727273 0.72727273 0.72727273 0.72727273 0.72727273 
0.00000000 1.00000000 0.00000000
0.72727273 0.72726668 0.72727273 0.72727273 0.72727273 0.72727273 0.72727273 
1.00000000 0.00000000 0.00000000
0.72727273 0.72727986 0.72727273 0.72727273 0.72727273 0.72727273 0.72727273 
1.00000000 0.00000000 0.00000000
0.72720701 0.72727459 0.72727273 0.72727273 0.72727273 0.72727273 0.72727273 
0.00000000 0.00000000 1.00000000
0.72727273 0.72727548 0.72727273 0.72727273 0.72727273 0.72727273 0.72727273 
0.00000000 1.00000000 0.00000000
0.72735308 0.72726497 0.72727273 0.72727273 0.72727273 0.72727273 0.72727273 
1.00000000 0.00000000 0.00000000
0.72851655 0.72727524 0.72727273 0.72727273 0.72727273 0.72727273 0.72727273 
1.00000000 0.00000000 0.00000000
0.72727273 0.72727203 0.72727273 0.72727273 0.72727273 0.72727273 0.72727273 
0.00000000 1.00000000 0.00000000
0.72718560 0.72730303 0.72727273 0.72727273 0.72727273 0.72727273 0.72727273 
1.00000000 0.00000000 0.00000000
0.72727273 0.72730667 0.72727273 0.72727273 0.72727273 0.72727273 0.72727273 
0.00000000 1.00000000 0.00000000
0.72727273 0.72731017 0.72727273 0.72727273 0.72727273 0.72727273 0.72727273 
1.00000000 0.00000000 0.00000000
0.72727273 0.72729844 0.72727273 0.72727273 0.72727273 0.72727273 0.72727273 
0.00000000 1.00000000 0.00000000
0.72727273 0.72726016 0.72727273 0.72727273 0.72727273 0.72727273 0.72727273 
1.00000000 0.00000000 0.00000000
0.72747599 0.72725425 0.72727273 0.72727273 0.72727273 0.72727273 0.72727273 
0.00000000 1.00000000 0.00000000
0.72727273 0.72725961 0.72727273 0.72727273 0.72727273 0.72727273 0.72727273 
1.00000000 0.00000000 0.00000000
0.72737151 0.72725797 0.72727273 0.72727273 0.72727273 0.72727273 0.72727273 
1.00000000 0.00000000 0.00000000
0.72727273 0.72726503 0.72727273 0.72727273 0.72727273 0.72727273 0.72727273 
0.00000000 1.00000000 0.00000000
0.72727273 0.72726733 0.72727273 0.72727273 0.72727273 0.72727273 0.72727273 
1.00000000 0.00000000 0.00000000
0.72735501 0.72726658 0.72727273 0.72727273 0.72727273 0.72727273 0.72727273 
0.00000000 1.00000000 0.00000000
0.72727273 0.72727515 0.72727273 0.72727273 0.72727273 0.72727273 0.72727273 
1.00000000 0.00000000 0.00000000
0.72727273 0.72727960 0.72727273 0.72727273 0.72727273 0.72727273 0.72727273 
0.00000000 0.00000000 1.00000000
0.72727273 0.72727540 0.72727273 0.72727273 0.72727273 0.72727273 0.72727273 
1.00000000 0.00000000 0.00000000
0.72732060 0.72728655 0.72727273 0.72727273 0.72727273 0.72727273 0.72727273 
1.00000000 0.00000000 0.00000000
0.72725232 0.72728497 0.72727273 0.72727273 0.72727273 0.72727273 0.72727273 
1.00000000 0.00000000 0.00000000
0.72722814 0.72729055 0.72727273 0.72727273 0.72727273 0.72727273 0.72727273 
1.00000000 0.00000000 0.00000000
0.72727273 0.72729252 0.72727273 0.72727273 0.72727273 0.72727273 0.72727273 
1.00000000 0.00000000 0.00000000
0.72737389 0.72729994 0.72727273 0.72727273 0.72727273 0.72727273 0.72727273 
1.00000000 0.00000000 0.00000000
0.72727273 0.72727425 0.72727273 0.72727273 0.72727273 0.72727273 0.72727273 
0.00000000 1.00000000 0.00000000
0.72701533 0.72728129 0.72727273 0.72727273 0.72727273 0.72727273 0.72727273 
0.00000000 0.00000000 1.00000000
0.72727273 0.72728975 0.72727273 0.72727273 0.72727273 0.72727273 0.72727273 
0.00000000 1.00000000 0.00000000
0.72727273 0.72727480 0.72727273 0.72727273 0.72727273 0.72727273 0.72727273 
0.00000000 1.00000000 0.00000000
0.72729171 0.72727790 0.72727273 0.72727273 0.72727273 0.72727273 0.72727273 
1.00000000 0.00000000 0.00000000
0.72733180 0.72727683 0.72727273 0.72727273 0.72727273 0.72727273 0.72727273 
0.00000000 1.00000000 0.00000000
0.72727273 0.72725153 0.72727273 0.72727273 0.72727273 0.72727273 0.72727273 
0.00000000 1.00000000 0.00000000
0.72723958 0.72723305 0.72727273 0.72727273 0.72727273 0.72727273 0.72727273 
0.00000000 1.00000000 0.00000000
0.72727273 0.72723988 0.72727273 0.72727273 0.72727273 0.72727273 0.72727273 
0.00000000 1.00000000 0.00000000
0.72739538 0.72723383 0.72727273 0.72727273 0.72727273 0.72727273 0.72727273 
0.00000000 1.00000000 0.00000000
0.72727273 0.72727609 0.72727273 0.72727273 0.72727273 0.72727273 0.72727273 
0.00000000 1.00000000 0.00000000
0.72727273 0.72728262 0.72727273 0.72727273 0.72727273 0.72727273 0.72727273 
0.00000000 1.00000000 0.00000000
0.72727145 0.72728057 0.72727273 0.72727273 0.72727273 0.72727273 0.72727273 
0.00000000 0.00000000 1.00000000
0.72727273 0.72726749 0.72727273 0.72727273 0.72727273 0.72727273 0.72727273 
0.00000000 1.00000000 0.00000000
0.72734375 0.72725689 0.72727273 0.72727273 0.72727273 0.72727273 0.72727273 
0.00000000 0.00000000 1.00000000
0.72764945 0.72725367 0.72727273 0.72727273 0.72727273 0.72727273 0.72727273 
0.00000000 1.00000000 0.00000000
0.72733435 0.72723351 0.72727273 0.72727273 0.72727273 0.72727273 0.72727273 
0.00000000 1.00000000 0.00000000
0.72734435 0.72722276 0.72727273 0.72727273 0.72727273 0.72727273 0.72727273 
0.00000000 1.00000000 0.00000000
0.72727273 0.72722003 0.72727273 0.72727273 0.72727273 0.72727273 0.72727273 
1.00000000 0.00000000 0.00000000
0.72727273 0.72728284 0.72727273 0.72727273 0.72727273 0.72727273 0.72727273 
1.00000000 0.00000000 0.00000000
0.72735396 0.72729246 0.72727273 0.72727273 0.72727273 0.72727273 0.72727273 
1.00000000 0.00000000 0.00000000
0.72738682 0.72729028 0.72727273 0.72727273 0.72727273 0.72727273 0.72727273 
0.00000000 1.00000000 0.00000000
0.72727273 0.72727743 0.72727273 0.72727273 0.72727273 0.72727273 0.72727273 
1.00000000 0.00000000 0.00000000
0.72712923 0.72732426 0.72727273 0.72727273 0.72727273 0.72727273 0.72727273 
0.00000000 0.00000000 1.00000000
0.72727273 0.72726486 0.72727273 0.72727273 0.72727273 0.72727273 0.72727273 
1.00000000 0.00000000 0.00000000
0.72727273 0.72729071 0.72727273 0.72727273 0.72727273 0.72727273 0.72727273 
0.00000000 0.00000000 1.00000000
0.72729220 0.72725355 0.72727273 0.72727273 0.72727273 0.72727273 0.72727273 
0.00000000 0.00000000 1.00000000
0.72730844 0.72724997 0.72727273 0.72727273 0.72727273 0.72727273 0.72727273 
0.00000000 1.00000000 0.00000000
0.72727273 0.72728499 0.72727273 0.72727273 0.72727273 0.72727273 0.72727273 
1.00000000 0.00000000 0.00000000
0.72760873 0.72728643 0.72727273 0.72727273 0.72727273 0.72727273 0.72727273 
1.00000000 0.00000000 0.00000000
0.72727273 0.72728320 0.72727273 0.72727273 0.72727273 0.72727273 0.72727273 
0.00000000 1.00000000 0.00000000
0.72749258 0.72728001 0.72727273 0.72727273 0.72727273 0.72727273 0.72727273 
0.00000000 1.00000000 0.00000000
0.72762175 0.72727350 0.72727273 0.72727273 0.72727273 0.72727273 0.72727273 
0.00000000 1.00000000 0.00000000
0.72797351 0.72727031 0.72727273 0.72727273 0.72727273 0.72727273 0.72727273 
0.00000000 1.00000000 0.00000000
0.72761519 0.72725334 0.72727273 0.72727273 0.72727273 0.72727273 0.72727273 
0.00000000 1.00000000 0.00000000
0.72769184 0.72724324 0.72727273 0.72727273 0.72727273 0.72727273 0.72727273 
0.00000000 1.00000000 0.00000000
0.72740900 0.72722234 0.72727273 0.72727273 0.72727273 0.72727273 0.72727273 
0.00000000 1.00000000 0.00000000
0.72727273 0.72721057 0.72727273 0.72727273 0.72727273 0.72727273 0.72727273 
1.00000000 0.00000000 0.00000000
0.72735657 0.72731508 0.72727273 0.72727273 0.72727273 0.72727273 0.72727273 
0.00000000 0.00000000 1.00000000
0.72727273 0.72731050 0.72727273 0.72727273 0.72727273 0.72727273 0.72727273 
1.00000000 0.00000000 0.00000000
0.72727273 0.72730160 0.72727273 0.72727273 0.72727273 0.72727273 0.72727273 
1.00000000 0.00000000 0.00000000
0.72741749 0.72729573 0.72727273 0.72727273 0.72727273 0.72727273 0.72727273 
0.00000000 1.00000000 0.00000000
0.72747788 0.72728292 0.72727273 0.72727273 0.72727273 0.72727273 0.72727273 
0.00000000 1.00000000 0.00000000
0.72727273 0.72726781 0.72727273 0.72727273 0.72727273 0.72727273 0.72727273 
1.00000000 0.00000000 0.00000000
0.72727273 0.72727777 0.72727273 0.72727273 0.72727273 0.72727273 0.72727273 
0.00000000 1.00000000 0.00000000
0.72735630 0.72726561 0.72727273 0.72727273 0.72727273 0.72727273 0.72727273 
0.00000000 1.00000000 0.00000000
0.72738338 0.72727287 0.72727273 0.72727273 0.72727273 0.72727273 0.72727273 
0.00000000 1.00000000 0.00000000
0.72721018 0.72728321 0.72727273 0.72727273 0.72727273 0.72727273 0.72727273 
1.00000000 0.00000000 0.00000000
0.72727273 0.72727971 0.72727273 0.72727273 0.72727273 0.72727273 0.72727273 
0.00000000 1.00000000 0.00000000
0.72727273 0.72727474 0.72727273 0.72727273 0.72727273 0.72727273 0.72727273 
1.00000000 0.00000000 0.00000000
0.72727273 0.72726292 0.72727273 0.72727273 0.72727273 0.72727273 0.72727273 
0.00000000 1.00000000 0.00000000
0.72713284 0.72728431 0.72727273 0.72727273 0.72727273 0.72727273 0.72727273 
1.00000000 0.00000000 0.00000000
0.72727273 0.72729142 0.72727273 0.72727273 0.72727273 0.72727273 0.72727273 
0.00000000 1.00000000 0.00000000
0.72727273 0.72724866 0.72727273 0.72727273 0.72727273 0.72727273 0.72727273 
0.00000000 1.00000000 0.00000000
0.72728856 0.72727569 0.72727273 0.72727273 0.72727273 0.72727273 0.72727273 
1.00000000 0.00000000 0.00000000
0.72722433 0.72727969 0.72727273 0.72727273 0.72727273 0.72727273 0.72727273 
1.00000000 0.00000000 0.00000000
0.72707540 0.72727884 0.72727273 0.72727273 0.72727273 0.72727273 0.72727273 
0.00000000 0.00000000 1.00000000
0.72727273 0.72728710 0.72727273 0.72727273 0.72727273 0.72727273 0.72727273 
1.00000000 0.00000000 0.00000000
0.72727273 0.72726977 0.72727273 0.72727273 0.72727273 0.72727273 0.72727273 
0.00000000 1.00000000 0.00000000
0.72757745 0.72726530 0.72727273 0.72727273 0.72727273 0.72727273 0.72727273 
0.00000000 1.00000000 0.00000000
0.72793941 0.72726204 0.72727273 0.72727273 0.72727273 0.72727273 0.72727273 
0.00000000 1.00000000 0.00000000
0.72739575 0.72723524 0.72727273 0.72727273 0.72727273 0.72727273 0.72727273 
0.00000000 1.00000000 0.00000000
0.72727273 0.72722666 0.72727273 0.72727273 0.72727273 0.72727273 0.72727273 
1.00000000 0.00000000 0.00000000
0.72727273 0.72724287 0.72727273 0.72727273 0.72727273 0.72727273 0.72727273 
1.00000000 0.00000000 0.00000000
0.72727273 0.72727743 0.72727273 0.72727273 0.72727273 0.72727273 0.72727273 
0.00000000 1.00000000 0.00000000
0.72734343 0.72728069 0.72727273 0.72727273 0.72727273 0.72727273 0.72727273 
1.00000000 0.00000000 0.00000000
0.72727273 0.72727818 0.72727273 0.72727273 0.72727273 0.72727273 0.72727273 
0.00000000 1.00000000 0.00000000
0.72727273 0.72728321 0.72727273 0.72727273 0.72727273 0.72727273 0.72727273 
1.00000000 0.00000000 0.00000000
0.72723440 0.72729335 0.72727273 0.72727273 0.72727273 0.72727273 0.72727273 
1.00000000 0.00000000 0.00000000
0.72727273 0.72730108 0.72727273 0.72727273 0.72727273 0.72727273 0.72727273 
1.00000000 0.00000000 0.00000000
0.72730886 0.72730513 0.72727273 0.72727273 0.72727273 0.72727273 0.72727273 
1.00000000 0.00000000 0.00000000
0.72727273 0.72726966 0.72727273 0.72727273 0.72727273 0.72727273 0.72727273 
0.00000000 1.00000000 0.00000000
0.72752005 0.72725680 0.72727273 0.72727273 0.72727273 0.72727273 0.72727273 
0.00000000 1.00000000 0.00000000
0.72738544 0.72726095 0.72727273 0.72727273 0.72727273 0.72727273 0.72727273 
0.00000000 0.00000000 1.00000000
0.72727273 0.72724828 0.72727273 0.72727273 0.72727273 0.72727273 0.72727273 
0.00000000 0.00000000 1.00000000
0.72727273 0.72723835 0.72727273 0.72727273 0.72727273 0.72727273 0.72727273 
1.00000000 0.00000000 0.00000000
0.72727273 0.72724066 0.72727273 0.72727273 0.72727273 0.72727273 0.72727273 
0.00000000 1.00000000 0.00000000
0.72726891 0.72725247 0.72727273 0.72727273 0.72727273 0.72727273 0.72727273 
1.00000000 0.00000000 0.00000000
0.72725494 0.72727541 0.72727273 0.72727273 0.72727273 0.72727273 0.72727273 
1.00000000 0.00000000 0.00000000
0.72727273 0.72728802 0.72727273 0.72727273 0.72727273 0.72727273 0.72727273 
1.00000000 0.00000000 0.00000000
0.72727273 0.72726039 0.72727273 0.72727273 0.72727273 0.72727273 0.72727273 
0.00000000 1.00000000 0.00000000
0.72726796 0.72726175 0.72727273 0.72727273 0.72727273 0.72727273 0.72727273 
1.00000000 0.00000000 0.00000000
0.72732404 0.72726199 0.72727273 0.72727273 0.72727273 0.72727273 0.72727273 
0.00000000 1.00000000 0.00000000
0.72727273 0.72728207 0.72727273 0.72727273 0.72727273 0.72727273 0.72727273 
1.00000000 0.00000000 0.00000000
0.72726677 0.72728092 0.72727273 0.72727273 0.72727273 0.72727273 0.72727273 
0.00000000 0.00000000 1.00000000
0.72724649 0.72727149 0.72727273 0.72727273 0.72727273 0.72727273 0.72727273 
1.00000000 0.00000000 0.00000000
0.72727273 0.72726421 0.72727273 0.72727273 0.72727273 0.72727273 0.72727273 
0.00000000 1.00000000 0.00000000
0.72727273 0.72724694 0.72727273 0.72727273 0.72727273 0.72727273 0.72727273 
0.00000000 1.00000000 0.00000000
0.72734965 0.72727884 0.72727273 0.72727273 0.72727273 0.72727273 0.72727273 
1.00000000 0.00000000 0.00000000
0.72737673 0.72728020 0.72727273 0.72727273 0.72727273 0.72727273 0.72727273 
0.00000000 1.00000000 0.00000000
0.72735156 0.72726220 0.72727273 0.72727273 0.72727273 0.72727273 0.72727273 
0.00000000 1.00000000 0.00000000
0.72736025 0.72724886 0.72727273 0.72727273 0.72727273 0.72727273 0.72727273 
0.00000000 1.00000000 0.00000000
0.72727273 0.72727661 0.72727273 0.72727273 0.72727273 0.72727273 0.72727273 
1.00000000 0.00000000 0.00000000
0.72751044 0.72726743 0.72727273 0.72727273 0.72727273 0.72727273 0.72727273 
0.00000000 1.00000000 0.00000000
0.72789643 0.72726421 0.72727273 0.72727273 0.72727273 0.72727273 0.72727273 
0.00000000 1.00000000 0.00000000
0.72830783 0.72726091 0.72727273 0.72727273 0.72727273 0.72727273 0.72727273 
0.00000000 1.00000000 0.00000000
0.72872160 0.72725763 0.72727273 0.72727273 0.72727273 0.72727273 0.72727273 
0.00000000 1.00000000 0.00000000
0.72727273 0.72725802 0.72727273 0.72727273 0.72727273 0.72727273 0.72727273 
1.00000000 0.00000000 0.00000000
0.72812042 0.72724502 0.72727273 0.72727273 0.72727273 0.72727273 0.72727273 
0.00000000 1.00000000 0.00000000
0.72766901 0.72722514 0.72727273 0.72727273 0.72727273 0.72727273 0.72727273 
0.00000000 1.00000000 0.00000000
0.72727273 0.72718186 0.72727273 0.72727273 0.72727273 0.72727273 0.72727273 
0.00000000 1.00000000 0.00000000
0.72727273 0.72729307 0.72727273 0.72727273 0.72727273 0.72727273 0.72727273 
0.00000000 1.00000000 0.00000000
0.72723913 0.72732295 0.72727273 0.72727273 0.72727273 0.72727273 0.72727273 
1.00000000 0.00000000 0.00000000
0.72727273 0.72728012 0.72727273 0.72727273 0.72727273 0.72727273 0.72727273 
0.00000000 1.00000000 0.00000000
0.72735017 0.72726783 0.72727273 0.72727273 0.72727273 0.72727273 0.72727273 
0.00000000 1.00000000 0.00000000
0.72753217 0.72725964 0.72727273 0.72727273 0.72727273 0.72727273 0.72727273 
0.00000000 1.00000000 0.00000000
0.72791197 0.72725636 0.72727273 0.72727273 0.72727273 0.72727273 0.72727273 
0.00000000 1.00000000 0.00000000
0.72830516 0.72725316 0.72727273 0.72727273 0.72727273 0.72727273 0.72727273 
0.00000000 1.00000000 0.00000000
0.72802756 0.72724213 0.72727273 0.72727273 0.72727273 0.72727273 0.72727273 
0.00000000 1.00000000 0.00000000
0.72727273 0.72724472 0.72727273 0.72727273 0.72727273 0.72727273 0.72727273 
1.00000000 0.00000000 0.00000000
0.72727273 0.72723900 0.72727273 0.72727273 0.72727273 0.72727273 0.72727273 
1.00000000 0.00000000 0.00000000
0.72727273 0.72726963 0.72727273 0.72727273 0.72727273 0.72727273 0.72727273 
0.00000000 1.00000000 0.00000000
0.72727273 0.72725525 0.72727273 0.72727273 0.72727273 0.72727273 0.72727273 
0.00000000 1.00000000 0.00000000
0.72743321 0.72724725 0.72727273 0.72727273 0.72727273 0.72727273 0.72727273 
0.00000000 1.00000000 0.00000000
0.72773037 0.72724402 0.72727273 0.72727273 0.72727273 0.72727273 0.72727273 
0.00000000 1.00000000 0.00000000
0.72807804 0.72724083 0.72727273 0.72727273 0.72727273 0.72727273 0.72727273 
0.00000000 1.00000000 0.00000000
0.72727273 0.72723065 0.72727273 0.72727273 0.72727273 0.72727273 0.72727273 
1.00000000 0.00000000 0.00000000
0.72727273 0.72725543 0.72727273 0.72727273 0.72727273 0.72727273 0.72727273 
1.00000000 0.00000000 0.00000000
0.72727273 0.72729012 0.72727273 0.72727273 0.72727273 0.72727273 0.72727273 
1.00000000 0.00000000 0.00000000
0.72739366 0.72729890 0.72727273 0.72727273 0.72727273 0.72727273 0.72727273 
0.00000000 1.00000000 0.00000000
0.72727273 0.72730024 0.72727273 0.72727273 0.72727273 0.72727273 0.72727273 
1.00000000 0.00000000 0.00000000
0.72717743 0.72729687 0.72727273 0.72727273 0.72727273 0.72727273 0.72727273 
1.00000000 0.00000000 0.00000000
0.72717823 0.72730077 0.72727273 0.72727273 0.72727273 0.72727273 0.72727273 
1.00000000 0.00000000 0.00000000
0.72727273 0.72730529 0.72727273 0.72727273 0.72727273 0.72727273 0.72727273 
1.00000000 0.00000000 0.00000000
0.72725855 0.72727968 0.72727273 0.72727273 0.72727273 0.72727273 0.72727273 
0.00000000 0.00000000 1.00000000
0.72727273 0.72728844 0.72727273 0.72727273 0.72727273 0.72727273 0.72727273 
1.00000000 0.00000000 0.00000000
0.72727273 0.72725112 0.72727273 0.72727273 0.72727273 0.72727273 0.72727273 
0.00000000 1.00000000 0.00000000
0.72744636 0.72723900 0.72727273 0.72727273 0.72727273 0.72727273 0.72727273 
0.00000000 1.00000000 0.00000000
0.72717238 0.72724775 0.72727273 0.72727273 0.72727273 0.72727273 0.72727273 
1.00000000 0.00000000 0.00000000
0.72727273 0.72727361 0.72727273 0.72727273 0.72727273 0.72727273 0.72727273 
1.00000000 0.00000000 0.00000000
0.72729362 0.72726023 0.72727273 0.72727273 0.72727273 0.72727273 0.72727273 
0.00000000 1.00000000 0.00000000
0.72732295 0.72727172 0.72727273 0.72727273 0.72727273 0.72727273 0.72727273 
1.00000000 0.00000000 0.00000000
0.72737332 0.72727595 0.72727273 0.72727273 0.72727273 0.72727273 0.72727273 
0.00000000 1.00000000 0.00000000
0.72727273 0.72727999 0.72727273 0.72727273 0.72727273 0.72727273 0.72727273 
1.00000000 0.00000000 0.00000000
0.72732319 0.72729906 0.72727273 0.72727273 0.72727273 0.72727273 0.72727273 
1.00000000 0.00000000 0.00000000
0.72727273 0.72728001 0.72727273 0.72727273 0.72727273 0.72727273 0.72727273 
0.00000000 1.00000000 0.00000000
0.72724637 0.72724711 0.72727273 0.72727273 0.72727273 0.72727273 0.72727273 
0.00000000 1.00000000 0.00000000
0.72712151 0.72730682 0.72727273 0.72727273 0.72727273 0.72727273 0.72727273 
0.00000000 0.00000000 1.00000000
0.72727273 0.72728045 0.72727273 0.72727273 0.72727273 0.72727273 0.72727273 
0.00000000 1.00000000 0.00000000
0.72717930 0.72724185 0.72727273 0.72727273 0.72727273 0.72727273 0.72727273 
0.00000000 1.00000000 0.00000000
0.72727273 0.72726603 0.72727273 0.72727273 0.72727273 0.72727273 0.72727273 
0.00000000 0.00000000 1.00000000
