439 7 3
0.00004023 -0.00006413 0.00000000 0.00000000 0.00000000 0.00000000 0.00000000 
0.00000000 0.00000000 1.00000000
0.00021041 -0.00007299 0.00000000 0.00000000 0.00000000 0.00000000 0.00000000 
0.00000000 1.00000000 0.00000000
0.00000000 -0.00007174 0.00000000 0.00000000 0.00000000 0.00000000 0.00000000 
1.00000000 0.00000000 0.00000000
0.00000000 -0.00004301 0.00000000 0.00000000 0.00000000 0.00000000 0.00000000 
1.00000000 0.00000000 0.00000000
0.00000000 -0.00000719 0.00000000 0.00000000 0.00000000 0.00000000 0.00000000 
0.00000000 0.00000000 1.00000000
0.00020105 -0.00002622 0.00000000 0.00000000 0.00000000 0.00000000 0.00000000 
0.00000000 1.00000000 0.00000000
0.00039032 -0.00003848 0.00000000 0.00000000 0.00000000 0.00000000 0.00000000 
0.00000000 1.00000000 0.00000000
0.00000000 -0.00005958 0.00000000 0.00000000 0.00000000 0.00000000 0.00000000 
0.00000000 1.00000000 0.00000000
0.00000000 0.00004477 0.00000000 0.00000000 0.00000000 0.00000000 0.00000000 
1.00000000 0.00000000 0.00000000
0.00000000 -0.00000796 0.00000000 0.00000000 0.00000000 0.00000000 0.00000000 
0.00000000 1.00000000 0.00000000
0.00023150 -0.00001606 0.00000000 0.00000000 0.00000000 0.00000000 0.00000000 
0.00000000 1.00000000 0.00000000
0.00000000 0.00000174 0.00000000 0.00000000 0.00000000 0.00000000 0.00000000 
1.00000000 0.00000000 0.00000000
0.00015070 -0.00001233 0.00000000 0.00000000 0.00000000 0.00000000 0.00000000 
0.00000000 1.00000000 0.00000000
0.00000000 -0.00004658 0.00000000 0.00000000 0.00000000 0.00000000 0.00000000 
0.00000000 1.00000000 0.00000000
0.00042719 -0.00005102 0.00000000 0.00000000 0.00000000 0.00000000 0.00000000 
0.00000000 1.00000000 0.00000000
0.00025121 -0.00002868 0.00000000 0.00000000 0.00000000 0.00000000 0.00000000 
0.00000000 0.00000000 1.00000000
0.00000000 0.00003532 0.00000000 0.00000000 0.00000000 0.00000000 0.00000000 
1.00000000 0.00000000 0.00000000
0.00003741 -0.00000040 0.00000000 0.00000000 0.00000000 0.00000000 0.00000000 
0.00000000 1.00000000 0.00000000
0.00000000 0.00000341 0.00000000 0.00000000 0.00000000 0.00000000 0.00000000 
0.00000000 1.00000000 0.00000000
0.00017954 -0.00001528 0.00000000 0.00000000 0.00000000 0.00000000 0.00000000 
0.00000000 1.00000000 0.00000000
0.00000000 -0.00005130 0.00000000 0.00000000 0.00000000 0.00000000 0.00000000 
0.00000000 1.00000000 0.00000000
0.00009588 0.00000543 0.00000000 0.00000000 0.00000000 0.00000000 0.00000000 
0.00000000 0.00000000 1.00000000
0.00000000 0.00000073 0.00000000 0.00000000 0.00000000 0.00000000 0.00000000 
1.00000000 0.00000000 0.00000000
0.00000000 0.00000575 0.00000000 0.00000000 0.00000000 0.00000000 0.00000000 
1.00000000 0.00000000 0.00000000
0.00000000 -0.00000114 0.00000000 0.00000000 0.00000000 0.00000000 0.00000000 
0.00000000 1.00000000 0.00000000
0.00000000 -0.00000145 0.00000000 0.00000000 0.00000000 0.00000000 0.00000000 
0.00000000 1.00000000 0.00000000
0.00000000 0.00001292 0.00000000 0.00000000 0.00000000 0.00000000 0.00000000 
1.00000000 0.00000000 0.00000000
0.00013686 -0.00000597 0.00000000 0.00000000 0.00000000 0.00000000 0.00000000 
0.00000000 1.00000000 0.00000000
0.00007300 -0.00001050 0.00000000 0.00000000 0.00000000 0.00000000 0.00000000 
0.00000000 0.00000000 1.00000000
0.00005201 -0.00001807 0.00000000 0.00000000 0.00000000 0.00000000 0.00000000 
0.00000000 1.00000000 0.00000000
0.00000000 0.00002807 0.00000000 0.00000000 0.00000000 0.00000000 0.00000000 
1.00000000 0.00000000 0.00000000
0.00008998 0.00004378 0.00000000 0.00000000 0.00000000 0.00000000 0.00000000 
1.00000000 0.00000000 0.00000000
0.00000000 0.00003732 0.00000000 0.00000000 0.00000000 0.00000000 0.00000000 
0.00000000 1.00000000 0.00000000
0.00000000 0.00001747 0.00000000 0.00000000 0.00000000 0.00000000 0.00000000 
1.00000000 0.00000000 0.00000000
0.00008495 0.00001379 0.00000000 0.00000000 0.00000000 0.00000000 0.00000000 
1.00000000 0.00000000 0.00000000
0.00013823 -0.00001514 0.00000000 0.00000000 0.00000000 0.00000000 0.00000000 
0.00000000 1.00000000 0.00000000
0.00000000 -0.00001047 0.00000000 0.00000000 0.00000000 0.00000000 0.00000000 
0.00000000 1.00000000 0.00000000
-0.00007776 0.00004400 0.00000000 0.00000000 0.00000000 0.00000000 0.00000000 
0.00000000 0.00000000 1.00000000
0.00025525 0.00003665 0.00000000 0.00000000 0.00000000 0.00000000 0.00000000 
0.00000000 1.00000000 0.00000000
0.00000000 0.00002139 0.00000000 0.00000000 0.00000000 0.00000000 0.00000000 
1.00000000 0.00000000 0.00000000
0.00000000 -0.00000759 0.00000000 0.00000000 0.00000000 0.00000000 0.00000000 
1.00000000 0.00000000 0.00000000
0.00000000 0.00000605 0.00000000 0.00000000 0.00000000 0.00000000 0.00000000 
1.00000000 0.00000000 0.00000000
0.00000000 0.00000042 0.00000000 0.00000000 0.00000000 0.00000000 0.00000000 
1.00000000 0.00000000 0.00000000
0.00000000 -0.00000721 0.00000000 0.00000000 0.00000000 0.00000000 0.00000000 
1.00000000 0.00000000 0.00000000
0.00009190 -0.00002187 0.00000000 0.00000000 0.00000000 0.00000000 0.00000000 
0.00000000 1.00000000 0.00000000
0.00000000 -0.00002124 0.00000000 0.00000000 0.00000000 0.00000000 0.00000000 
0.00000000 0.00000000 1.00000000
-0.00008271 0.00001605 0.00000000 0.00000000 0.00000000 0.00000000 0.00000000 
1.00000000 0.00000000 0.00000000
0.00000000 0.00001195 0.00000000 0.00000000 0.00000000 0.00000000 0.00000000 
0.00000000 1.00000000 0.00000000
0.00001553 -0.00000518 0.00000000 0.00000000 0.00000000 0.00000000 0.00000000 
0.00000000 1.00000000 0.00000000
0.00000000 -0.00001223 0.00000000 0.00000000 0.00000000 0.00000000 0.00000000 
0.00000000 1.00000000 0.00000000
0.00000000 -0.00000756 0.00000000 0.00000000 0.00000000 0.00000000 0.00000000 
0.00000000 1.00000000 0.00000000
0.00000000 0.00000547 0.00000000 0.00000000 0.00000000 0.00000000 0.00000000 
1.00000000 0.00000000 0.00000000
0.00000000 0.00000180 0.00000000 0.00000000 0.00000000 0.00000000 0.00000000 
1.00000000 0.00000000 0.00000000
0.00000000 -0.00000794 0.00000000 0.00000000 0.00000000 0.00000000 0.00000000 
0.00000000 1.00000000 0.00000000
0.00016780 -0.00000581 0.00000000 0.00000000 0.00000000 0.00000000 0.00000000 
1.00000000 0.00000000 0.00000000
0.00011387 -0.00002917 0.00000000 0.00000000 0.00000000 0.00000000 0.00000000 
0.00000000 1.00000000 0.00000000
0.00005650 -0.00004627 0.00000000 0.00000000 0.00000000 0.00000000 0.00000000 
0.00000000 1.00000000 0.00000000
0.00000000 -0.00003089 0.00000000 0.00000000 0.00000000 0.00000000 0.00000000 
0.00000000 1.00000000 0.00000000
0.00000000 0.00003111 0.00000000 0.00000000 0.00000000 0.00000000 0.00000000 
1.00000000 0.00000000 0.00000000
-0.00003418 0.00001829 0.00000000 0.00000000 0.00000000 0.00000000 0.00000000 
0.00000000 0.00000000 1.00000000
0.00000000 0.00003417 0.00000000 0.00000000 0.00000000 0.00000000 0.00000000 
1.00000000 0.00000000 0.00000000
0.00000000 -0.00003940 0.00000000 0.00000000 0.00000000 0.00000000 0.00000000 
0.00000000 1.00000000 0.00000000
-0.00032727 0.00002490 0.00000000 0.00000000 0.00000000 0.00000000 0.00000000 
1.00000000 0.00000000 0.00000000
0.00000000 0.00004795 0.00000000 0.00000000 0.00000000 0.00000000 0.00000000 
1.00000000 0.00000000 0.00000000
0.00000000 0.00000544 0.00000000 0.00000000 0.00000000 0.00000000 0.00000000 
1.00000000 0.00000000 0.00000000
-0.00001357 0.00001319 0.00000000 0.00000000 0.00000000 0.00000000 0.00000000 
1.00000000 0.00000000 0.00000000
0.00000000 0.00000066 0.00000000 0.00000000 0.00000000 0.00000000 0.00000000 
1.00000000 0.00000000 0.00000000
-0.00008977 -0.00000325 0.00000000 0.00000000 0.00000000 0.00000000 0.00000000 
0.00000000 1.00000000 0.00000000
0.00019108 -0.00001257 0.00000000 0.00000000 0.00000000 0.00000000 0.00000000 
0.00000000 1.00000000 0.00000000
0.00006609 -0.00003393 0.00000000 0.00000000 0.00000000 0.00000000 0.00000000 
0.00000000 1.00000000 0.00000000
0.00010902 0.00005571 0.00000000 0.00000000 0.00000000 0.00000000 0.00000000 
1.00000000 0.00000000 0.00000000
0.00000000 0.00005927 0.00000000 0.00000000 0.00000000 0.00000000 0.00000000 
0.00000000 1.00000000 0.00000000
0.00000000 0.00003146 0.00000000 0.00000000 0.00000000 0.00000000 0.00000000 
0.00000000 0.00000000 1.00000000
0.00053883 0.00002707 0.00000000 0.00000000 0.00000000 0.00000000 0.00000000 
0.00000000 1.00000000 0.00000000
0.00044724 -0.00000445 0.00000000 0.00000000 0.00000000 0.00000000 0.00000000 
0.00000000 1.00000000 0.00000000
0.00000000 -0.00004676 0.00000000 0.00000000 0.00000000 0.00000000 0.00000000 
1.00000000 0.00000000 0.00000000
0.00001548 0.00001249 0.00000000 0.00000000 0.00000000 0.00000000 0.00000000 
1.00000000 0.00000000 0.00000000
0.00000000 -0.00001457 0.00000000 0.00000000 0.00000000 0.00000000 0.00000000 
0.00000000 1.00000000 0.00000000
0.00000000 0.00002242 0.00000000 0.00000000 0.00000000 0.00000000 0.00000000 
1.00000000 0.00000000 0.00000000
0.00006660 -0.00001152 0.00000000 0.00000000 0.00000000 0.00000000 0.00000000 
0.00000000 0.00000000 1.00000000
0.00003888 -0.00000197 0.00000000 0.00000000 0.00000000 0.00000000 0.00000000 
0.00000000 0.00000000 1.00000000
0.00000000 -0.00002286 0.00000000 0.00000000 0.00000000 0.00000000 0.00000000 
0.00000000 1.00000000 0.00000000
0.00022296 -0.00003987 0.00000000 0.00000000 0.00000000 0.00000000 0.00000000 
0.00000000 1.00000000 0.00000000
0.00000000 -0.00004434 0.00000000 0.00000000 0.00000000 0.00000000 0.00000000 
0.00000000 1.00000000 0.00000000
0.00000000 -0.00000689 0.00000000 0.00000000 0.00000000 0.00000000 0.00000000 
0.00000000 1.00000000 0.00000000
0.00000000 0.00001455 0.00000000 0.00000000 0.00000000 0.00000000 0.00000000 
1.00000000 0.00000000 0.00000000
0.00000000 0.00002979 0.00000000 0.00000000 0.00000000 0.00000000 0.00000000 
0.00000000 1.00000000 0.00000000
0.00005089 0.00004854 0.00000000 0.00000000 0.00000000 0.00000000 0.00000000 
1.00000000 0.00000000 0.00000000
0.00000000 0.00000727 0.00000000 0.00000000 0.00000000 0.00000000 0.00000000 
0.00000000 0.00000000 1.00000000
0.00010164 -0.00001410 0.00000000 0.00000000 0.00000000 0.00000000 0.00000000 
0.00000000 1.00000000 0.00000000
0.00000000 -0.00004343 0.00000000 0.00000000 0.00000000 0.00000000 0.00000000 
0.00000000 1.00000000 0.00000000
0.00016176 0.00001968 0.00000000 0.00000000 0.00000000 0.00000000 0.00000000 
1.00000000 0.00000000 0.00000000
0.00008762 0.00002589 0.00000000 0.00000000 0.00000000 0.00000000 0.00000000 
1.00000000 0.00000000 0.00000000
0.00000000 0.00004898 0.00000000 0.00000000 0.00000000 0.00000000 0.00000000 
1.00000000 0.00000000 0.00000000
0.00000000 -0.00003006 0.00000000 0.00000000 0.00000000 0.00000000 0.00000000 
0.00000000 1.00000000 0.00000000
0.00049560 -0.00003279 0.00000000 0.00000000 0.00000000 0.00000000 0.00000000 
0.00000000 1.00000000 0.00000000
0.00000000 -0.00002422 0.00000000 0.00000000 0.00000000 0.00000000 0.00000000 
1.00000000 0.00000000 0.00000000
0.00000000 -0.00001014 0.00000000 0.00000000 0.00000000 0.00000000 0.00000000 
0.00000000 1.00000000 0.00000000
0.00015041 -0.00000547 0.00000000 0.00000000 0.00000000 0.00000000 0.00000000 
0.00000000 1.00000000 0.00000000
0.00012854 -0.00001896 0.00000000 0.00000000 0.00000000 0.00000000 0.00000000 
0.00000000 1.00000000 0.00000000
0.00000000 0.00002795 0.00000000 0.00000000 0.00000000 0.00000000 0.00000000 
1.00000000 0.00000000 0.00000000
-0.00022701 0.00005922 0.00000000 0.00000000 0.00000000 0.00000000 0.00000000 
1.00000000 0.00000000 0.00000000
0.00014303 0.00000236 0.00000000 0.00000000 0.00000000 0.00000000 0.00000000 
0.00000000 1.00000000 0.00000000
0.00024354 -0.00002497 0.00000000 0.00000000 0.00000000 0.00000000 0.00000000 
0.00000000 1.00000000 0.00000000
0.00044587 -0.00003861 0.00000000 0.00000000 0.00000000 0.00000000 0.00000000 
0.00000000 1.00000000 0.00000000
0.00000000 0.00004081 0.00000000 0.00000000 0.00000000 0.00000000 0.00000000 
1.00000000 0.00000000 0.00000000
0.00025603 0.00002944 0.00000000 0.00000000 0.00000000 0.00000000 0.00000000 
0.00000000 1.00000000 0.00000000
0.00000000 0.00002437 0.00000000 0.00000000 0.00000000 0.00000000 0.00000000 
1.00000000 0.00000000 0.00000000
0.00012808 -0.00002467 0.00000000 0.00000000 0.00000000 0.00000000 0.00000000 
0.00000000 1.00000000 0.00000000
0.00000000 0.00002703 0.00000000 0.00000000 0.00000000 0.00000000 0.00000000 
1.00000000 0.00000000 0.00000000
-0.00004333 -0.00000276 0.00000000 0.00000000 0.00000000 0.00000000 0.00000000 
0.00000000 0.00000000 1.00000000
0.00000000 0.00001323 0.00000000 0.00000000 0.00000000 0.00000000 0.00000000 
1.00000000 0.00000000 0.00000000
0.00000000 0.00000656 0.00000000 0.00000000 0.00000000 0.00000000 0.00000000 
1.00000000 0.00000000 0.00000000
0.00008681 -0.00001510 0.00000000 0.00000000 0.00000000 0.00000000 0.00000000 
0.00000000 1.00000000 0.00000000
0.00026010 -0.00002855 0.00000000 0.00000000 0.00000000 0.00000000 0.00000000 
0.00000000 1.00000000 0.00000000
0.00013178 -0.00004871 0.00000000 0.00000000 0.00000000 0.00000000 0.00000000 
0.00000000 1.00000000 0.00000000
0.00028038 -0.00006155 0.00000000 0.00000000 0.00000000 0.00000000 0.00000000 
0.00000000 1.00000000 0.00000000
0.00000000 0.00003528 0.00000000 0.00000000 0.00000000 0.00000000 0.00000000 
1.00000000 0.00000000 0.00000000
0.00000000 0.00002820 0.00000000 0.00000000 0.00000000 0.00000000 0.00000000 
1.00000000 0.00000000 0.00000000
-0.00001584 -0.00001440 0.00000000 0.00000000 0.00000000 0.00000000 0.00000000 
0.00000000 1.00000000 0.00000000
0.00000000 -0.00000040 0.00000000 0.00000000 0.00000000 0.00000000 0.00000000 
0.00000000 0.00000000 1.00000000
0.00010135 -0.00000702 0.00000000 0.00000000 0.00000000 0.00000000 0.00000000 
0.00000000 1.00000000 0.00000000
0.00006932 -0.00001684 0.00000000 0.00000000 0.00000000 0.00000000 0.00000000 
0.00000000 1.00000000 0.00000000
0.00000000 -0.00004746 0.00000000 0.00000000 0.00000000 0.00000000 0.00000000 
0.00000000 1.00000000 0.00000000
-0.00000378 0.00002571 0.00000000 0.00000000 0.00000000 0.00000000 0.00000000 
1.00000000 0.00000000 0.00000000
0.00000000 0.00001400 0.00000000 0.00000000 0.00000000 0.00000000 0.00000000 
0.00000000 1.00000000 0.00000000
0.00006574 -0.00000962 0.00000000 0.00000000 0.00000000 0.00000000 0.00000000 
0.00000000 1.00000000 0.00000000
0.00005403 -0.00001016 0.00000000 0.00000000 0.00000000 0.00000000 0.00000000 
0.00000000 1.00000000 0.00000000
0.00000000 -0.00003816 0.00000000 0.00000000 0.00000000 0.00000000 0.00000000 
0.00000000 1.00000000 0.00000000
0.00038797 -0.00000194 0.00000000 0.00000000 0.00000000 0.00000000 0.00000000 
0.00000000 1.00000000 0.00000000
0.00000000 0.00002540 0.00000000 0.00000000 0.00000000 0.00000000 0.00000000 
1.00000000 0.00000000 0.00000000
-0.00004567 0.00001055 0.00000000 0.00000000 0.00000000 0.00000000 0.00000000 
1.00000000 0.00000000 0.00000000
0.00009001 0.00000044 0.00000000 0.00000000 0.00000000 0.00000000 0.00000000 
0.00000000 1.00000000 0.00000000
0.00000000 0.00000220 0.00000000 0.00000000 0.00000000 0.00000000 0.00000000 
1.00000000 0.00000000 0.00000000
0.00000000 -0.00001258 0.00000000 0.00000000 0.00000000 0.00000000 0.00000000 
0.00000000 1.00000000 0.00000000
0.00025142 -0.00001708 0.00000000 0.00000000 0.00000000 0.00000000 0.00000000 
0.00000000 1.00000000 0.00000000
0.00000000 -0.00002427 0.00000000 0.00000000 0.00000000 0.00000000 0.00000000 
0.00000000 1.00000000 0.00000000
0.00013995 -0.00002551 0.00000000 0.00000000 0.00000000 0.00000000 0.00000000 
0.00000000 1.00000000 0.00000000
0.00000000 -0.00000778 0.00000000 0.00000000 0.00000000 0.00000000 0.00000000 
1.00000000 0.00000000 0.00000000
0.00000000 0.00000396 0.00000000 0.00000000 0.00000000 0.00000000 0.00000000 
1.00000000 0.00000000 0.00000000
-0.00004188 0.00001619 0.00000000 0.00000000 0.00000000 0.00000000 0.00000000 
1.00000000 0.00000000 0.00000000
0.00014829 -0.00002387 0.00000000 0.00000000 0.00000000 0.00000000 0.00000000 
0.00000000 1.00000000 0.00000000
0.00000000 -0.00004140 0.00000000 0.00000000 0.00000000 0.00000000 0.00000000 
0.00000000 1.00000000 0.00000000
0.00000000 0.00003903 0.00000000 0.00000000 0.00000000 0.00000000 0.00000000 
1.00000000 0.00000000 0.00000000
0.00012968 0.00005210 0.00000000 0.00000000 0.00000000 0.00000000 0.00000000 
1.00000000 0.00000000 0.00000000
0.00000000 0.00003184 0.00000000 0.00000000 0.00000000 0.00000000 0.00000000 
1.00000000 0.00000000 0.00000000
0.00000000 0.00000410 0.00000000 0.00000000 0.00000000 0.00000000 0.00000000 
0.00000000 1.00000000 0.00000000
0.00000000 -0.00001137 0.00000000 0.00000000 0.00000000 0.00000000 0.00000000 
1.00000000 0.00000000 0.00000000
0.00014919 -0.00000320 0.00000000 0.00000000 0.00000000 0.00000000 0.00000000 
0.00000000 1.00000000 0.00000000
0.00034808 0.00000309 0.00000000 0.00000000 0.00000000 0.00000000 0.00000000 
0.00000000 0.00000000 1.00000000
0.00000000 -0.00000524 0.00000000 0.00000000 0.00000000 0.00000000 0.00000000 
0.00000000 1.00000000 0.00000000
-0.00014889 0.00003790 0.00000000 0.00000000 0.00000000 0.00000000 0.00000000 
1.00000000 0.00000000 0.00000000
0.00001761 0.00004309 0.00000000 0.00000000 0.00000000 0.00000000 0.00000000 
1.00000000 0.00000000 0.00000000
-0.00018496 0.00007784 0.00000000 0.00000000 0.00000000 0.00000000 0.00000000 
1.00000000 0.00000000 0.00000000
0.00011167 0.00003465 0.00000000 0.00000000 0.00000000 0.00000000 0.00000000 
0.00000000 1.00000000 0.00000000
0.00000000 0.00002105 0.00000000 0.00000000 0.00000000 0.00000000 0.00000000 
0.00000000 0.00000000 1.00000000
0.00000000 -0.00000673 0.00000000 0.00000000 0.00000000 0.00000000 0.00000000 
0.00000000 1.00000000 0.00000000
0.00028065 -0.00002834 0.00000000 0.00000000 0.00000000 0.00000000 0.00000000 
0.00000000 1.00000000 0.00000000
0.00000000 -0.00001626 0.00000000 0.00000000 0.00000000 0.00000000 0.00000000 
0.00000000 1.00000000 0.00000000
-0.00002942 0.00002512 0.00000000 0.00000000 0.00000000 0.00000000 0.00000000 
1.00000000 0.00000000 0.00000000
0.00018659 0.00000032 0.00000000 0.00000000 0.00000000 0.00000000 0.00000000 
0.00000000 1.00000000 0.00000000
0.00001023 0.00000048 0.00000000 0.00000000 0.00000000 0.00000000 0.00000000 
1.00000000 0.00000000 0.00000000
0.00000000 -0.00000491 0.00000000 0.00000000 0.00000000 0.00000000 0.00000000 
0.00000000 1.00000000 0.00000000
0.00000000 -0.00001334 0.00000000 0.00000000 0.00000000 0.00000000 0.00000000 
1.00000000 0.00000000 0.00000000
0.00000000 -0.00000749 0.00000000 0.00000000 0.00000000 0.00000000 0.00000000 
0.00000000 1.00000000 0.00000000
0.00019015 -0.00001986 0.00000000 0.00000000 0.00000000 0.00000000 0.00000000 
0.00000000 1.00000000 0.00000000
0.00033759 -0.00002937 0.00000000 0.00000000 0.00000000 0.00000000 0.00000000 
0.00000000 1.00000000 0.00000000
0.00052431 -0.00003843 0.00000000 0.00000000 0.00000000 0.00000000 0.00000000 
0.00000000 1.00000000 0.00000000
0.00000000 -0.00002314 0.00000000 0.00000000 0.00000000 0.00000000 0.00000000 
1.00000000 0.00000000 0.00000000
0.00000000 0.00000022 0.00000000 0.00000000 0.00000000 0.00000000 0.00000000 
0.00000000 1.00000000 0.00000000
-0.00005240 0.00001572 0.00000000 0.00000000 0.00000000 0.00000000 0.00000000 
1.00000000 0.00000000 0.00000000
0.00000000 0.00003955 0.00000000 0.00000000 0.00000000 0.00000000 0.00000000 
1.00000000 0.00000000 0.00000000
0.00000000 0.00004331 0.00000000 0.00000000 0.00000000 0.00000000 0.00000000 
1.00000000 0.00000000 0.00000000
0.00030547 0.00001968 0.00000000 0.00000000 0.00000000 0.00000000 0.00000000 
0.00000000 1.00000000 0.00000000
0.00082264 0.00001529 0.00000000 0.00000000 0.00000000 0.00000000 0.00000000 
0.00000000 1.00000000 0.00000000
0.00136590 0.00001090 0.00000000 0.00000000 0.00000000 0.00000000 0.00000000 
0.00000000 1.00000000 0.00000000
-0.00012037 -0.00003827 0.00000000 0.00000000 0.00000000 0.00000000 0.00000000 
1.00000000 0.00000000 0.00000000
0.00000000 -0.00005330 0.00000000 0.00000000 0.00000000 0.00000000 0.00000000 
1.00000000 0.00000000 0.00000000
0.00012566 0.00002227 0.00000000 0.00000000 0.00000000 0.00000000 0.00000000 
1.00000000 0.00000000 0.00000000
0.00000000 0.00003875 0.00000000 0.00000000 0.00000000 0.00000000 0.00000000 
1.00000000 0.00000000 0.00000000
0.00001906 0.00000245 0.00000000 0.00000000 0.00000000 0.00000000 0.00000000 
1.00000000 0.00000000 0.00000000
0.00001688 -0.00000840 0.00000000 0.00000000 0.00000000 0.00000000 0.00000000 
0.00000000 1.00000000 0.00000000
0.00085201 -0.00001325 0.00000000 0.00000000 0.00000000 0.00000000 0.00000000 
0.00000000 1.00000000 0.00000000
0.00000000 -0.00003917 0.00000000 0.00000000 0.00000000 0.00000000 0.00000000 
1.00000000 0.00000000 0.00000000
0.00000000 -0.00000392 0.00000000 0.00000000 0.00000000 0.00000000 0.00000000 
0.00000000 1.00000000 0.00000000
0.00015085 -0.00001374 0.00000000 0.00000000 0.00000000 0.00000000 0.00000000 
0.00000000 0.00000000 1.00000000
0.00038098 -0.00002164 0.00000000 0.00000000 0.00000000 0.00000000 0.00000000 
0.00000000 1.00000000 0.00000000
0.00000000 -0.00002142 0.00000000 0.00000000 0.00000000 0.00000000 0.00000000 
1.00000000 0.00000000 0.00000000
0.00011595 0.00000649 0.00000000 0.00000000 0.00000000 0.00000000 0.00000000 
0.00000000 1.00000000 0.00000000
0.00004008 0.00002843 0.00000000 0.00000000 0.00000000 0.00000000 0.00000000 
0.00000000 0.00000000 1.00000000
0.00000000 0.00001931 0.00000000 0.00000000 0.00000000 0.00000000 0.00000000 
0.00000000 1.00000000 0.00000000
0.00000000 -0.00001368 0.00000000 0.00000000 0.00000000 0.00000000 0.00000000 
0.00000000 1.00000000 0.00000000
0.00000000 -0.00002182 0.00000000 0.00000000 0.00000000 0.00000000 0.00000000 
1.00000000 0.00000000 0.00000000
0.00022450 -0.00002862 0.00000000 0.00000000 0.00000000 0.00000000 0.00000000 
0.00000000 1.00000000 0.00000000
0.00006292 -0.00002974 0.00000000 0.00000000 0.00000000 0.00000000 0.00000000 
0.00000000 1.00000000 0.00000000
0.00000000 0.00002388 0.00000000 0.00000000 0.00000000 0.00000000 0.00000000 
1.00000000 0.00000000 0.00000000
0.00005325 0.00000098 0.00000000 0.00000000 0.00000000 0.00000000 0.00000000 
1.00000000 0.00000000 0.00000000
0.00008533 0.00000878 0.00000000 0.00000000 0.00000000 0.00000000 0.00000000 
1.00000000 0.00000000 0.00000000
0.00023206 -0.00002803 0.00000000 0.00000000 0.00000000 0.00000000 0.00000000 
0.00000000 1.00000000 0.00000000
0.00000000 -0.00003039 0.00000000 0.00000000 0.00000000 0.00000000 0.00000000 
1.00000000 0.00000000 0.00000000
-0.00020538 0.00001579 0.00000000 0.00000000 0.00000000 0.00000000 0.00000000 
1.00000000 0.00000000 0.00000000
0.00000000 0.00003986 0.00000000 0.00000000 0.00000000 0.00000000 0.00000000 
1.00000000 0.00000000 0.00000000
-0.00004429 0.00000610 0.00000000 0.00000000 0.00000000 0.00000000 0.00000000 
0.00000000 1.00000000 0.00000000
0.00000000 -0.00000289 0.00000000 0.00000000 0.00000000 0.00000000 0.00000000 
1.00000000 0.00000000 0.00000000
0.00000000 -0.00001267 0.00000000 0.00000000 0.00000000 0.00000000 0.00000000 
0.00000000 1.00000000 0.00000000
0.00003914 0.00001722 0.00000000 0.00000000 0.00000000 0.00000000 0.00000000 
1.00000000 0.00000000 0.00000000
0.00008303 0.00000257 0.00000000 0.00000000 0.00000000 0.00000000 0.00000000 
0.00000000 1.00000000 0.00000000
0.00000000 0.00000364 0.00000000 0.00000000 0.00000000 0.00000000 0.00000000 
1.00000000 0.00000000 0.00000000
0.00009441 0.00003305 0.00000000 0.00000000 0.00000000 0.00000000 0.00000000 
1.00000000 0.00000000 0.00000000
0.00000000 0.00000127 0.00000000 0.00000000 0.00000000 0.00000000 0.00000000 
1.00000000 0.00000000 0.00000000
-0.00005528 0.00000558 0.00000000 0.00000000 0.00000000 0.00000000 0.00000000 
1.00000000 0.00000000 0.00000000
0.00000000 -0.00001024 0.00000000 0.00000000 0.00000000 0.00000000 0.00000000 
0.00000000 1.00000000 0.00000000
0.00000000 -0.00001350 0.00000000 0.00000000 0.00000000 0.00000000 0.00000000 
1.00000000 0.00000000 0.00000000
0.00000000 0.00000420 0.00000000 0.00000000 0.00000000 0.00000000 0.00000000 
1.00000000 0.00000000 0.00000000
-0.00007915 0.00001185 0.00000000 0.00000000 0.00000000 0.00000000 0.00000000 
0.00000000 0.00000000 1.00000000
0.00016698 0.00000421 0.00000000 0.00000000 0.00000000 0.00000000 0.00000000 
0.00000000 1.00000000 0.00000000
-0.00008152 -0.00000320 0.00000000 0.00000000 0.00000000 0.00000000 0.00000000 
1.00000000 0.00000000 0.00000000
0.00023008 0.00000452 0.00000000 0.00000000 0.00000000 0.00000000 0.00000000 
1.00000000 0.00000000 0.00000000
0.00000000 0.00000372 0.00000000 0.00000000 0.00000000 0.00000000 0.00000000 
0.00000000 1.00000000 0.00000000
0.00000000 -0.00001724 0.00000000 0.00000000 0.00000000 0.00000000 0.00000000 
0.00000000 1.00000000 0.00000000
-0.00000915 -0.00005708 0.00000000 0.00000000 0.00000000 0.00000000 0.00000000 
0.00000000 1.00000000 0.00000000
0.00000000 0.00000109 0.00000000 0.00000000 0.00000000 0.00000000 0.00000000 
1.00000000 0.00000000 0.00000000
-0.00022099 0.00005493 0.00000000 0.00000000 0.00000000 0.00000000 0.00000000 
1.00000000 0.00000000 0.00000000
0.00000000 0.00001084 0.00000000 0.00000000 0.00000000 0.00000000 0.00000000 
0.00000000 1.00000000 0.00000000
-0.00003464 -0.00000565 0.00000000 0.00000000 0.00000000 0.00000000 0.00000000 
1.00000000 0.00000000 0.00000000
-0.00015327 0.00002328 0.00000000 0.00000000 0.00000000 0.00000000 0.00000000 
1.00000000 0.00000000 0.00000000
0.00000000 0.00004268 0.00000000 0.00000000 0.00000000 0.00000000 0.00000000 
1.00000000 0.00000000 0.00000000
0.00000000 -0.00001296 0.00000000 0.00000000 0.00000000 0.00000000 0.00000000 
0.00000000 1.00000000 0.00000000
0.00002968 0.00001401 0.00000000 0.00000000 0.00000000 0.00000000 0.00000000 
1.00000000 0.00000000 0.00000000
0.00011038 -0.00001683 0.00000000 0.00000000 0.00000000 0.00000000 0.00000000 
0.00000000 1.00000000 0.00000000
-0.00006331 -0.00001983 0.00000000 0.00000000 0.00000000 0.00000000 0.00000000 
1.00000000 0.00000000 0.00000000
0.00000000 -0.00001984 0.00000000 0.00000000 0.00000000 0.00000000 0.00000000 
0.00000000 1.00000000 0.00000000
-0.00001767 -0.00002924 0.00000000 0.00000000 0.00000000 0.00000000 0.00000000 
0.00000000 1.00000000 0.00000000
0.00000000 0.00004685 0.00000000 0.00000000 0.00000000 0.00000000 0.00000000 
0.00000000 0.00000000 1.00000000
0.00024301 0.00002562 0.00000000 0.00000000 0.00000000 0.00000000 0.00000000 
0.00000000 1.00000000 0.00000000
0.00000000 0.00001910 0.00000000 0.00000000 0.00000000 0.00000000 0.00000000 
1.00000000 0.00000000 0.00000000
0.00014156 -0.00000487 0.00000000 0.00000000 0.00000000 0.00000000 0.00000000 
0.00000000 1.00000000 0.00000000
0.00016987 -0.00002894 0.00000000 0.00000000 0.00000000 0.00000000 0.00000000 
0.00000000 1.00000000 0.00000000
0.00031422 -0.00004522 0.00000000 0.00000000 0.00000000 0.00000000 0.00000000 
0.00000000 1.00000000 0.00000000
0.00000000 -0.00007515 0.00000000 0.00000000 0.00000000 0.00000000 0.00000000 
0.00000000 1.00000000 0.00000000
0.00028306 -0.00008261 0.00000000 0.00000000 0.00000000 0.00000000 0.00000000 
0.00000000 1.00000000 0.00000000
-0.00009488 -0.00008557 0.00000000 0.00000000 0.00000000 0.00000000 0.00000000 
1.00000000 0.00000000 0.00000000
0.00000000 -0.00007783 0.00000000 0.00000000 0.00000000 0.00000000 0.00000000 
0.00000000 1.00000000 0.00000000
0.00000000 0.00002475 0.00000000 0.00000000 0.00000000 0.00000000 0.00000000 
0.00000000 0.00000000 1.00000000
0.00000000 0.00001357 0.00000000 0.00000000 0.00000000 0.00000000 0.00000000 
0.00000000 1.00000000 0.00000000
0.00000000 0.00001261 0.00000000 0.00000000 0.00000000 0.00000000 0.00000000 
1.00000000 0.00000000 0.00000000
0.00000000 0.00001591 0.00000000 0.00000000 0.00000000 0.00000000 0.00000000 
1.00000000 0.00000000 0.00000000
0.00013600 -0.00003543 0.00000000 0.00000000 0.00000000 0.00000000 0.00000000 
0.00000000 1.00000000 0.00000000
0.00005253 -0.00001816 0.00000000 0.00000000 0.00000000 0.00000000 0.00000000 
1.00000000 0.00000000 0.00000000
-0.00010698 0.00001831 0.00000000 0.00000000 0.00000000 0.00000000 0.00000000 
1.00000000 0.00000000 0.00000000
0.00000000 0.00000985 0.00000000 0.00000000 0.00000000 0.00000000 0.00000000 
1.00000000 0.00000000 0.00000000
0.00000000 0.00003391 0.00000000 0.00000000 0.00000000 0.00000000 0.00000000 
1.00000000 0.00000000 0.00000000
0.00000000 -0.00001901 0.00000000 0.00000000 0.00000000 0.00000000 0.00000000 
0.00000000 1.00000000 0.00000000
0.00016680 -0.00000744 0.00000000 0.00000000 0.00000000 0.00000000 0.00000000 
0.00000000 1.00000000 0.00000000
0.00000000 0.00000090 0.00000000 0.00000000 0.00000000 0.00000000 0.00000000 
1.00000000 0.00000000 0.00000000
0.00031005 0.00006386 0.00000000 0.00000000 0.00000000 0.00000000 0.00000000 
1.00000000 0.00000000 0.00000000
0.00000000 0.00006689 0.00000000 0.00000000 0.00000000 0.00000000 0.00000000 
0.00000000 1.00000000 0.00000000
0.00000000 0.00001773 0.00000000 0.00000000 0.00000000 0.00000000 0.00000000 
0.00000000 1.00000000 0.00000000
0.00017315 -0.00004442 0.00000000 0.00000000 0.00000000 0.00000000 0.00000000 
0.00000000 1.00000000 0.00000000
0.00020891 -0.00004083 0.00000000 0.00000000 0.00000000 0.00000000 0.00000000 
0.00000000 1.00000000 0.00000000
0.00046191 -0.00002178 0.00000000 0.00000000 0.00000000 0.00000000 0.00000000 
0.00000000 1.00000000 0.00000000
0.00000000 -0.00002167 0.00000000 0.00000000 0.00000000 0.00000000 0.00000000 
0.00000000 1.00000000 0.00000000
0.00042780 -0.00001411 0.00000000 0.00000000 0.00000000 0.00000000 0.00000000 
0.00000000 1.00000000 0.00000000
0.00050743 -0.00002134 0.00000000 0.00000000 0.00000000 0.00000000 0.00000000 
0.00000000 1.00000000 0.00000000
0.00000000 -0.00002324 0.00000000 0.00000000 0.00000000 0.00000000 0.00000000 
1.00000000 0.00000000 0.00000000
0.00000000 -0.00002427 0.00000000 0.00000000 0.00000000 0.00000000 0.00000000 
0.00000000 1.00000000 0.00000000
0.00000000 0.00004822 0.00000000 0.00000000 0.00000000 0.00000000 0.00000000 
0.00000000 0.00000000 1.00000000
0.00001832 -0.00000979 0.00000000 0.00000000 0.00000000 0.00000000 0.00000000 
0.00000000 1.00000000 0.00000000
0.00000399 0.00002592 0.00000000 0.00000000 0.00000000 0.00000000 0.00000000 
1.00000000 0.00000000 0.00000000
0.00000000 0.00000201 0.00000000 0.00000000 0.00000000 0.00000000 0.00000000 
0.00000000 1.00000000 0.00000000
0.00000000 -0.00000306 0.00000000 0.00000000 0.00000000 0.00000000 0.00000000 
1.00000000 0.00000000 0.00000000
0.00017467 -0.00001095 0.00000000 0.00000000 0.00000000 0.00000000 0.00000000 
0.00000000 1.00000000 0.00000000
0.00000000 -0.00000832 0.00000000 0.00000000 0.00000000 0.00000000 0.00000000 
1.00000000 0.00000000 0.00000000
0.00000000 0.00000981 0.00000000 0.00000000 0.00000000 0.00000000 0.00000000 
1.00000000 0.00000000 0.00000000
-0.00009036 0.00000256 0.00000000 0.00000000 0.00000000 0.00000000 0.00000000 
0.00000000 0.00000000 1.00000000
0.00000000 0.00000378 0.00000000 0.00000000 0.00000000 0.00000000 0.00000000 
0.00000000 1.00000000 0.00000000
0.00011048 -0.00001066 0.00000000 0.00000000 0.00000000 0.00000000 0.00000000 
1.00000000 0.00000000 0.00000000
0.00171025 0.00000346 0.00000000 0.00000000 0.00000000 0.00000000 0.00000000 
1.00000000 0.00000000 0.00000000
0.00000000 -0.00000096 0.00000000 0.00000000 0.00000000 0.00000000 0.00000000 
0.00000000 1.00000000 0.00000000
-0.00011980 0.00004167 0.00000000 0.00000000 0.00000000 0.00000000 0.00000000 
1.00000000 0.00000000 0.00000000
0.00000000 0.00004667 0.00000000 0.00000000 0.00000000 0.00000000 0.00000000 
0.00000000 1.00000000 0.00000000
0.00000000 0.00005148 0.00000000 0.00000000 0.00000000 0.00000000 0.00000000 
1.00000000 0.00000000 0.00000000
0.00000000 0.00003535 0.00000000 0.00000000 0.00000000 0.00000000 0.00000000 
0.00000000 1.00000000 0.00000000
0.00000000 -0.00001728 0.00000000 0.00000000 0.00000000 0.00000000 0.00000000 
1.00000000 0.00000000 0.00000000
0.00027949 -0.00002540 0.00000000 0.00000000 0.00000000 0.00000000 0.00000000 
0.00000000 1.00000000 0.00000000
0.00000000 -0.00001803 0.00000000 0.00000000 0.00000000 0.00000000 0.00000000 
1.00000000 0.00000000 0.00000000
0.00013582 -0.00002029 0.00000000 0.00000000 0.00000000 0.00000000 0.00000000 
1.00000000 0.00000000 0.00000000
0.00000000 -0.00001059 0.00000000 0.00000000 0.00000000 0.00000000 0.00000000 
0.00000000 1.00000000 0.00000000
0.00000000 -0.00000742 0.00000000 0.00000000 0.00000000 0.00000000 0.00000000 
1.00000000 0.00000000 0.00000000
0.00011314 -0.00000845 0.00000000 0.00000000 0.00000000 0.00000000 0.00000000 
0.00000000 1.00000000 0.00000000
0.00000000 0.00000333 0.00000000 0.00000000 0.00000000 0.00000000 0.00000000 
1.00000000 0.00000000 0.00000000
0.00000000 0.00000945 0.00000000 0.00000000 0.00000000 0.00000000 0.00000000 
0.00000000 0.00000000 1.00000000
0.00000000 0.00000367 0.00000000 0.00000000 0.00000000 0.00000000 0.00000000 
1.00000000 0.00000000 0.00000000
0.00006583 0.00001901 0.00000000 0.00000000 0.00000000 0.00000000 0.00000000 
1.00000000 0.00000000 0.00000000
-0.00002806 0.00001684 0.00000000 0.00000000 0.00000000 0.00000000 0.00000000 
1.00000000 0.00000000 0.00000000
-0.00006131 0.00002451 0.00000000 0.00000000 0.00000000 0.00000000 0.00000000 
1.00000000 0.00000000 0.00000000
0.00000000 0.00002721 0.00000000 0.00000000 0.00000000 0.00000000 0.00000000 
1.00000000 0.00000000 0.00000000
0.00013910 0.00003742 0.00000000 0.00000000 0.00000000 0.00000000 0.00000000 
1.00000000 0.00000000 0.00000000
0.00000000 0.00000209 0.00000000 0.00000000 0.00000000 0.00000000 0.00000000 
0.00000000 1.00000000 0.00000000
-0.00035392 0.00001178 0.00000000 0.00000000 0.00000000 0.00000000 0.00000000 
0.00000000 0.00000000 1.00000000
0.00000000 0.00002340 0.00000000 0.00000000 0.00000000 0.00000000 0.00000000 
0.00000000 1.00000000 0.00000000
0.00000000 0.00000285 0.00000000 0.00000000 0.00000000 0.00000000 0.00000000 
0.00000000 1.00000000 0.00000000
0.00002610 0.00000711 0.00000000 0.00000000 0.00000000 0.00000000 0.00000000 
1.00000000 0.00000000 0.00000000
0.00008123 0.00000564 0.00000000 0.00000000 0.00000000 0.00000000 0.00000000 
0.00000000 1.00000000 0.00000000
0.00000000 -0.00002915 0.00000000 0.00000000 0.00000000 0.00000000 0.00000000 
0.00000000 1.00000000 0.00000000
-0.00004558 -0.00005455 0.00000000 0.00000000 0.00000000 0.00000000 0.00000000 
0.00000000 1.00000000 0.00000000
0.00000000 -0.00004517 0.00000000 0.00000000 0.00000000 0.00000000 0.00000000 
0.00000000 1.00000000 0.00000000
0.00016865 -0.00005349 0.00000000 0.00000000 0.00000000 0.00000000 0.00000000 
0.00000000 1.00000000 0.00000000
0.00000000 0.00000462 0.00000000 0.00000000 0.00000000 0.00000000 0.00000000 
0.00000000 1.00000000 0.00000000
0.00000000 0.00001360 0.00000000 0.00000000 0.00000000 0.00000000 0.00000000 
0.00000000 1.00000000 0.00000000
-0.00000176 0.00001078 0.00000000 0.00000000 0.00000000 0.00000000 0.00000000 
0.00000000 0.00000000 1.00000000
0.00000000 -0.00000720 0.00000000 0.00000000 0.00000000 0.00000000 0.00000000 
0.00000000 1.00000000 0.00000000
0.00009765 -0.00002178 0.00000000 0.00000000 0.00000000 0.00000000 0.00000000 
0.00000000 0.00000000 1.00000000
0.00051800 -0.00002620 0.00000000 0.00000000 0.00000000 0.00000000 0.00000000 
0.00000000 1.00000000 0.00000000
0.00008473 -0.00005392 0.00000000 0.00000000 0.00000000 0.00000000 0.00000000 
0.00000000 1.00000000 0.00000000
0.00009848 -0.00006870 0.00000000 0.00000000 0.00000000 0.00000000 0.00000000 
0.00000000 1.00000000 0.00000000
0.00000000 -0.00007246 0.00000000 0.00000000 0.00000000 0.00000000 0.00000000 
1.00000000 0.00000000 0.00000000
0.00000000 0.00001391 0.00000000 0.00000000 0.00000000 0.00000000 0.00000000 
1.00000000 0.00000000 0.00000000
0.00011169 0.00002713 0.00000000 0.00000000 0.00000000 0.00000000 0.00000000 
1.00000000 0.00000000 0.00000000
0.00015688 0.00002413 0.00000000 0.00000000 0.00000000 0.00000000 0.00000000 
0.00000000 1.00000000 0.00000000
0.00000000 0.00000647 0.00000000 0.00000000 0.00000000 0.00000000 0.00000000 
1.00000000 0.00000000 0.00000000
-0.00019731 0.00007086 0.00000000 0.00000000 0.00000000 0.00000000 0.00000000 
0.00000000 0.00000000 1.00000000
0.00000000 -0.00001082 0.00000000 0.00000000 0.00000000 0.00000000 0.00000000 
1.00000000 0.00000000 0.00000000
0.00000000 0.00002473 0.00000000 0.00000000 0.00000000 0.00000000 0.00000000 
0.00000000 0.00000000 1.00000000
0.00002678 -0.00002637 0.00000000 0.00000000 0.00000000 0.00000000 0.00000000 
0.00000000 0.00000000 1.00000000
0.00004910 -0.00003129 0.00000000 0.00000000 0.00000000 0.00000000 0.00000000 
0.00000000 1.00000000 0.00000000
0.00000000 0.00001686 0.00000000 0.00000000 0.00000000 0.00000000 0.00000000 
1.00000000 0.00000000 0.00000000
0.00046201 0.00001884 0.00000000 0.00000000 0.00000000 0.00000000 0.00000000 
1.00000000 0.00000000 0.00000000
0.00000000 0.00001440 0.00000000 0.00000000 0.00000000 0.00000000 0.00000000 
0.00000000 1.00000000 0.00000000
0.00030230 0.00001001 0.00000000 0.00000000 0.00000000 0.00000000 0.00000000 
0.00000000 1.00000000 0.00000000
0.00047990 0.00000106 0.00000000 0.00000000 0.00000000 0.00000000 0.00000000 
0.00000000 1.00000000 0.00000000
0.00096357 -0.00000333 0.00000000 0.00000000 0.00000000 0.00000000 0.00000000 
0.00000000 1.00000000 0.00000000
0.00047089 -0.00002666 0.00000000 0.00000000 0.00000000 0.00000000 0.00000000 
0.00000000 1.00000000 0.00000000
0.00057628 -0.00004054 0.00000000 0.00000000 0.00000000 0.00000000 0.00000000 
0.00000000 1.00000000 0.00000000
0.00018737 -0.00006928 0.00000000 0.00000000 0.00000000 0.00000000 0.00000000 
0.00000000 1.00000000 0.00000000
0.00000000 -0.00008547 0.00000000 0.00000000 0.00000000 0.00000000 0.00000000 
1.00000000 0.00000000 0.00000000
0.00011528 0.00005824 0.00000000 0.00000000 0.00000000 0.00000000 0.00000000 
0.00000000 0.00000000 1.00000000
0.00000000 0.00005194 0.00000000 0.00000000 0.00000000 0.00000000 0.00000000 
1.00000000 0.00000000 0.00000000
0.00000000 0.00003970 0.00000000 0.00000000 0.00000000 0.00000000 0.00000000 
1.00000000 0.00000000 0.00000000
0.00019905 0.00003163 0.00000000 0.00000000 0.00000000 0.00000000 0.00000000 
0.00000000 1.00000000 0.00000000
0.00028209 0.00001402 0.00000000 0.00000000 0.00000000 0.00000000 0.00000000 
0.00000000 1.00000000 0.00000000
0.00000000 -0.00000676 0.00000000 0.00000000 0.00000000 0.00000000 0.00000000 
1.00000000 0.00000000 0.00000000
0.00000000 0.00000693 0.00000000 0.00000000 0.00000000 0.00000000 0.00000000 
0.00000000 1.00000000 0.00000000
0.00011491 -0.00000979 0.00000000 0.00000000 0.00000000 0.00000000 0.00000000 
0.00000000 1.00000000 0.00000000
0.00015215 0.00000019 0.00000000 0.00000000 0.00000000 0.00000000 0.00000000 
0.00000000 1.00000000 0.00000000
-0.00008600 0.00001442 0.00000000 0.00000000 0.00000000 0.00000000 0.00000000 
1.00000000 0.00000000 0.00000000
0.00000000 0.00000960 0.00000000 0.00000000 0.00000000 0.00000000 0.00000000 
0.00000000 1.00000000 0.00000000
0.00000000 0.00000277 0.00000000 0.00000000 0.00000000 0.00000000 0.00000000 
1.00000000 0.00000000 0.00000000
0.00000000 -0.00001349 0.00000000 0.00000000 0.00000000 0.00000000 0.00000000 
0.00000000 1.00000000 0.00000000
-0.00019234 0.00001593 0.00000000 0.00000000 0.00000000 0.00000000 0.00000000 
1.00000000 0.00000000 0.00000000
0.00000000 0.00002570 0.00000000 0.00000000 0.00000000 0.00000000 0.00000000 
0.00000000 1.00000000 0.00000000
0.00000000 -0.00003309 0.00000000 0.00000000 0.00000000 0.00000000 0.00000000 
0.00000000 1.00000000 0.00000000
0.00002177 0.00000408 0.00000000 0.00000000 0.00000000 0.00000000 0.00000000 
1.00000000 0.00000000 0.00000000
-0.00006654 0.00000957 0.00000000 0.00000000 0.00000000 0.00000000 0.00000000 
1.00000000 0.00000000 0.00000000
-0.00027132 0.00000840 0.00000000 0.00000000 0.00000000 0.00000000 0.00000000 
0.00000000 0.00000000 1.00000000
0.00000000 0.00001976 0.00000000 0.00000000 0.00000000 0.00000000 0.00000000 
1.00000000 0.00000000 0.00000000
0.00000000 -0.00000406 0.00000000 0.00000000 0.00000000 0.00000000 0.00000000 
0.00000000 1.00000000 0.00000000
0.00041900 -0.00001021 0.00000000 0.00000000 0.00000000 0.00000000 0.00000000 
0.00000000 1.00000000 0.00000000
0.00091669 -0.00001470 0.00000000 0.00000000 0.00000000 0.00000000 0.00000000 
0.00000000 1.00000000 0.00000000
0.00016916 -0.00005155 0.00000000 0.00000000 0.00000000 0.00000000 0.00000000 
0.00000000 1.00000000 0.00000000
0.00000000 -0.00006334 0.00000000 0.00000000 0.00000000 0.00000000 0.00000000 
1.00000000 0.00000000 0.00000000
0.00000000 -0.00004106 0.00000000 0.00000000 0.00000000 0.00000000 0.00000000 
1.00000000 0.00000000 0.00000000
0.00000000 0.00000646 0.00000000 0.00000000 0.00000000 0.00000000 0.00000000 
0.00000000 1.00000000 0.00000000
0.00009722 0.00001095 0.00000000 0.00000000 0.00000000 0.00000000 0.00000000 
1.00000000 0.00000000 0.00000000
0.00000000 0.00000750 0.00000000 0.00000000 0.00000000 0.00000000 0.00000000 
0.00000000 1.00000000 0.00000000
0.00000000 0.00001441 0.00000000 0.00000000 0.00000000 0.00000000 0.00000000 
1.00000000 0.00000000 0.00000000
-0.00005270 0.00002835 0.00000000 0.00000000 0.00000000 0.00000000 0.00000000 
1.00000000 0.00000000 0.00000000
0.00000000 0.00003899 0.00000000 0.00000000 0.00000000 0.00000000 0.00000000 
1.00000000 0.00000000 0.00000000
0.00004968 0.00004455 0.00000000 0.00000000 0.00000000 0.00000000 0.00000000 
1.00000000 0.00000000 0.00000000
0.00000000 -0.00000422 0.00000000 0.00000000 0.00000000 0.00000000 0.00000000 
0.00000000 1.00000000 0.00000000
0.00034007 -0.00002190 0.00000000 0.00000000 0.00000000 0.00000000 0.00000000 
0.00000000 1.00000000 0.00000000
0.00015498 -0.00001620 0.00000000 0.00000000 0.00000000 0.00000000 0.00000000 
0.00000000 0.00000000 1.00000000
0.00000000 -0.00003362 0.00000000 0.00000000 0.00000000 0.00000000 0.00000000 
0.00000000 0.00000000 1.00000000
0.00000000 -0.00004727 0.00000000 0.00000000 0.00000000 0.00000000 0.00000000 
1.00000000 0.00000000 0.00000000
0.00000000 -0.00004409 0.00000000 0.00000000 0.00000000 0.00000000 0.00000000 
0.00000000 1.00000000 0.00000000
-0.00000525 -0.00002785 0.00000000 0.00000000 0.00000000 0.00000000 0.00000000 
1.00000000 0.00000000 0.00000000
-0.00002446 0.00000369 0.00000000 0.00000000 0.00000000 0.00000000 0.00000000 
1.00000000 0.00000000 0.00000000
0.00000000 0.00002103 0.00000000 0.00000000 0.00000000 0.00000000 0.00000000 
1.00000000 0.00000000 0.00000000
0.00000000 -0.00001696 0.00000000 0.00000000 0.00000000 0.00000000 0.00000000 
0.00000000 1.00000000 0.00000000
-0.00000655 -0.00001510 0.00000000 0.00000000 0.00000000 0.00000000 0.00000000 
1.00000000 0.00000000 0.00000000
0.00007055 -0.00001477 0.00000000 0.00000000 0.00000000 0.00000000 0.00000000 
0.00000000 1.00000000 0.00000000
0.00000000 0.00001285 0.00000000 0.00000000 0.00000000 0.00000000 0.00000000 
1.00000000 0.00000000 0.00000000
-0.00000819 0.00001126 0.00000000 0.00000000 0.00000000 0.00000000 0.00000000 
0.00000000 0.00000000 1.00000000
-0.00003607 -0.00000170 0.00000000 0.00000000 0.00000000 0.00000000 0.00000000 
1.00000000 0.00000000 0.00000000
0.00000000 -0.00001171 0.00000000 0.00000000 0.00000000 0.00000000 0.00000000 
0.00000000 1.00000000 0.00000000
0.00000000 -0.00003546 0.00000000 0.00000000 0.00000000 0.00000000 0.00000000 
0.00000000 1.00000000 0.00000000
0.00010577 0.00000840 0.00000000 0.00000000 0.00000000 0.00000000 0.00000000 
1.00000000 0.00000000 0.00000000
0.00014300 0.00001028 0.00000000 0.00000000 0.00000000 0.00000000 0.00000000 
0.00000000 1.00000000 0.00000000
0.00010839 -0.00001448 0.00000000 0.00000000 0.00000000 0.00000000 0.00000000 
0.00000000 1.00000000 0.00000000
0.00012034 -0.00003282 0.00000000 0.00000000 0.00000000 0.00000000 0.00000000 
0.00000000 1.00000000 0.00000000
0.00000000 0.00000534 0.00000000 0.00000000 0.00000000 0.00000000 0.00000000 
1.00000000 0.00000000 0.00000000
0.00032686 -0.00000728 0.00000000 0.00000000 0.00000000 0.00000000 0.00000000 
0.00000000 1.00000000 0.00000000
0.00085759 -0.00001171 0.00000000 0.00000000 0.00000000 0.00000000 0.00000000 
0.00000000 1.00000000 0.00000000
0.00142327 -0.00001625 0.00000000 0.00000000 0.00000000 0.00000000 0.00000000 
0.00000000 1.00000000 0.00000000
0.00199220 -0.00002076 0.00000000 0.00000000 0.00000000 0.00000000 0.00000000 
0.00000000 1.00000000 0.00000000
0.00000000 -0.00002022 0.00000000 0.00000000 0.00000000 0.00000000 0.00000000 
1.00000000 0.00000000 0.00000000
0.00116558 -0.00003810 0.00000000 0.00000000 0.00000000 0.00000000 0.00000000 
0.00000000 1.00000000 0.00000000
0.00054489 -0.00006543 0.00000000 0.00000000 0.00000000 0.00000000 0.00000000 
0.00000000 1.00000000 0.00000000
0.00000000 -0.00012494 0.00000000 0.00000000 0.00000000 0.00000000 0.00000000 
0.00000000 1.00000000 0.00000000
0.00000000 0.00002797 0.00000000 0.00000000 0.00000000 0.00000000 0.00000000 
0.00000000 1.00000000 0.00000000
-0.00004620 0.00006906 0.00000000 0.00000000 0.00000000 0.00000000 0.00000000 
1.00000000 0.00000000 0.00000000
0.00000000 0.00001016 0.00000000 0.00000000 0.00000000 0.00000000 0.00000000 
0.00000000 1.00000000 0.00000000
0.00010648 -0.00000674 0.00000000 0.00000000 0.00000000 0.00000000 0.00000000 
0.00000000 1.00000000 0.00000000
0.00035674 -0.00001799 0.00000000 0.00000000 0.00000000 0.00000000 0.00000000 
0.00000000 1.00000000 0.00000000
0.00087896 -0.00002250 0.00000000 0.00000000 0.00000000 0.00000000 0.00000000 
0.00000000 1.00000000 0.00000000
0.00141959 -0.00002691 0.00000000 0.00000000 0.00000000 0.00000000 0.00000000 
0.00000000 1.00000000 0.00000000
0.00103789 -0.00004207 0.00000000 0.00000000 0.00000000 0.00000000 0.00000000 
0.00000000 1.00000000 0.00000000
0.00000000 -0.00003851 0.00000000 0.00000000 0.00000000 0.00000000 0.00000000 
1.00000000 0.00000000 0.00000000
0.00000000 -0.00004638 0.00000000 0.00000000 0.00000000 0.00000000 0.00000000 
1.00000000 0.00000000 0.00000000
0.00000000 -0.00000426 0.00000000 0.00000000 0.00000000 0.00000000 0.00000000 
0.00000000 1.00000000 0.00000000
0.00000000 -0.00002403 0.00000000 0.00000000 0.00000000 0.00000000 0.00000000 
0.00000000 1.00000000 0.00000000
0.00022066 -0.00003503 0.00000000 0.00000000 0.00000000 0.00000000 0.00000000 
0.00000000 1.00000000 0.00000000
0.00062926 -0.00003947 0.00000000 0.00000000 0.00000000 0.00000000 0.00000000 
0.00000000 1.00000000 0.00000000
0.00110730 -0.00004386 0.00000000 0.00000000 0.00000000 0.00000000 0.00000000 
0.00000000 1.00000000 0.00000000
0.00000000 -0.00005786 0.00000000 0.00000000 0.00000000 0.00000000 0.00000000 
1.00000000 0.00000000 0.00000000
0.00000000 -0.00002379 0.00000000 0.00000000 0.00000000 0.00000000 0.00000000 
1.00000000 0.00000000 0.00000000
0.00000000 0.00002392 0.00000000 0.00000000 0.00000000 0.00000000 0.00000000 
1.00000000 0.00000000 0.00000000
0.00016628 0.00003599 0.00000000 0.00000000 0.00000000 0.00000000 0.00000000 
0.00000000 1.00000000 0.00000000
0.00000000 0.00003783 0.00000000 0.00000000 0.00000000 0.00000000 0.00000000 
1.00000000 0.00000000 0.00000000
-0.00013103 0.00003319 0.00000000 0.00000000 0.00000000 0.00000000 0.00000000 
1.00000000 0.00000000 0.00000000
-0.00012993 0.00003856 0.00000000 0.00000000 0.00000000 0.00000000 0.00000000 
1.00000000 0.00000000 0.00000000
0.00000000 0.00004477 0.00000000 0.00000000 0.00000000 0.00000000 0.00000000 
1.00000000 0.00000000 0.00000000
-0.00001950 0.00000956 0.00000000 0.00000000 0.00000000 0.00000000 0.00000000 
0.00000000 0.00000000 1.00000000
0.00000000 0.00002161 0.00000000 0.00000000 0.00000000 0.00000000 0.00000000 
1.00000000 0.00000000 0.00000000
0.00000000 -0.00002971 0.00000000 0.00000000 0.00000000 0.00000000 0.00000000 
0.00000000 1.00000000 0.00000000
0.00023874 -0.00004637 0.00000000 0.00000000 0.00000000 0.00000000 0.00000000 
0.00000000 1.00000000 0.00000000
-0.00013798 -0.00003434 0.00000000 0.00000000 0.00000000 0.00000000 0.00000000 
1.00000000 0.00000000 0.00000000
0.00000000 0.00000121 0.00000000 0.00000000 0.00000000 0.00000000 0.00000000 
1.00000000 0.00000000 0.00000000
0.00002873 -0.00001718 0.00000000 0.00000000 0.00000000 0.00000000 0.00000000 
0.00000000 1.00000000 0.00000000
0.00006906 -0.00000138 0.00000000 0.00000000 0.00000000 0.00000000 0.00000000 
1.00000000 0.00000000 0.00000000
0.00013832 0.00000443 0.00000000 0.00000000 0.00000000 0.00000000 0.00000000 
0.00000000 1.00000000 0.00000000
0.00000000 0.00000999 0.00000000 0.00000000 0.00000000 0.00000000 0.00000000 
1.00000000 0.00000000 0.00000000
0.00006939 0.00003621 0.00000000 0.00000000 0.00000000 0.00000000 0.00000000 
1.00000000 0.00000000 0.00000000
0.00000000 0.00001001 0.00000000 0.00000000 0.00000000 0.00000000 0.00000000 
0.00000000 1.00000000 0.00000000
-0.00003624 -0.00003522 0.00000000 0.00000000 0.00000000 0.00000000 0.00000000 
0.00000000 1.00000000 0.00000000
-0.00020793 0.00004688 0.00000000 0.00000000 0.00000000 0.00000000 0.00000000 
0.00000000 0.00000000 1.00000000
0.00000000 0.00001062 0.00000000 0.00000000 0.00000000 0.00000000 0.00000000 
0.00000000 1.00000000 0.00000000
-0.00012846 -0.00004246 0.00000000 0.00000000 0.00000000 0.00000000 0.00000000 
0.00000000 1.00000000 0.00000000
0.00000000 -0.00000921 0.00000000 0.00000000 0.00000000 0.00000000 0.00000000 
0.00000000 0.00000000 1.00000000
