33 7 3
0.000040 -0.000064 0 0 0 0 0 
0 0 1 
0.000210 -0.000073 0 0 0 0 0 
0 1 0 
0 -0.000072 0 0 0 0 0 
1 0 0 
0 -0.000043 0 0 0 0 0 
1 0 0 
0 -0.000007 0 0 0 0 0 
0 0 1 
0.000201 -0.000026 0 0 0 0 0 
0 1 0 
0.000390 -0.000038 0 0 0 0 0 
0 1 0 
0 -0.000060 0 0 0 0 0 
0 1 0 
0 0.000045 0 0 0 0 0 
1 0 0 
0 -0.000008 0 0 0 0 0 
0 1 0 
0.000231 -0.000016 0 0 0 0 0 
0 1 0 
0 0.000002 0 0 0 0 0 
1 0 0 
0.000151 -0.000012 0 0 0 0 0 
0 1 0 
0 -0.000047 0 0 0 0 0 
0 1 0 
0.000427 -0.000051 0 0 0 0 0 
0 1 0 
0.000251 -0.000029 0 0 0 0 0 
0 0 1 
0 0.000035 0 0 0 0 0 
1 0 0 
0.000037 0 0 0 0 0 0 
0 1 0 
0 0.000003 0 0 0 0 0 
0 1 0 
0.000096 0.000005 0 0 0 0 0 
0 0 1 
0 0.000001 0 0 0 0 0 
1 0 0 
0 0.000006 0 0 0 0 0 
1 0 0 
0 0.000013 0 0 0 0 0 
1 0 0 
0.000073 -0.000010 0 0 0 0 0 
0 0 1 
0 0.000028 0 0 0 0 0 
1 0 0 
0.000090 0.000044 0 0 0 0 0 
1 0 0 
0 0.000017 0 0 0 0 0 
1 0 0 
-0.000078 0.000044 0 0 0 0 0 
0 0 1 
0 -0.000021 0 0 0 0 0 
0 0 1 
-0.000034 0.000018 0 0 0 0 0 
0 0 1 
0 0.000031 0 0 0 0 0 
0 0 1 
0.000067 -0.000012 0 0 0 0 0 
0 0 1 
0.000039 -0.000002 0 0 0 0 0 
0 0 1 
